,ch1,ch2,ch3,ch4
0,8.05,7.52,7.66,5.07
1,7.54,8.64,8.67,7.48
2,5.27,6.31,3.74,6.42
3,0.74,0.84,-4.07,-4.26
4,0.27,0.44,-1.4,-1.87
5,3.97,3.89,6.55,12.19
6,-0.63,1.26,2.57,5.79
7,-4.39,-1.0,-3.08,-4.36
8,-1.26,-1.42,-2.47,-0.84
9,0.52,-1.17,0.16,5.37
10,3.62,3.89,4.13,13.4
11,6.14,5.38,4.77,15.63
12,2.22,1.83,2.61,0.89
13,-9.91,-3.22,-1.11,-27.47
14,-22.29,-10.24,-6.26,-41.87
15,-18.68,-11.02,-6.31,-28.56
16,-5.64,-3.62,-3.45,-12.12
17,4.44,4.3,-1.86,2.27
18,12.79,7.87,1.25,18.73
19,18.28,7.12,5.83,29.44
20,13.51,3.71,5.43,30.05
21,4.7,1.4,0.92,21.08
22,7.66,3.77,2.4,16.94
23,11.79,5.59,4.6,14.58
24,6.81,4.43,2.26,4.44
25,-3.19,1.07,-2.41,-10.44
26,-13.61,-5.8,-8.07,-20.14
27,-13.12,-10.57,-7.79,-15.22
28,-11.15,-12.41,-8.42,-16.2
29,-14.73,-13.2,-12.51,-19.47
30,-9.61,-9.67,-9.08,-6.47
31,1.38,-3.7,-1.76,2.9
32,3.81,-1.11,0.19,0.4
33,-5.4,-3.26,-3.27,-9.59
34,-12.87,-4.94,-4.77,-19.5
35,-10.54,-4.27,-5.13,-14.73
36,-1.6,-0.44,-2.84,-0.39
37,8.19,6.99,6.61,6.92
38,6.87,7.47,8.37,0.09
39,1.77,1.15,2.7,-2.39
40,3.49,-1.56,3.49,4.89
41,1.46,-2.36,5.37,1.16
42,0.51,0.7,6.03,-0.14
43,5.3,7.51,7.35,14.39
44,6.2,8.85,6.51,20.64
45,5.48,5.09,5.98,9.4
46,5.4,1.15,5.38,-0.56
47,2.31,-1.75,2.21,-2.55
48,-1.91,-1.73,0.52,-4.26
49,0.62,2.25,4.65,-3.5
50,5.08,3.46,6.63,2.48
51,1.86,-1.77,-0.45,4.99
52,-2.61,-4.47,-6.24,2.12
53,-3.0,-2.94,-6.17,1.68
54,-1.84,-2.3,-4.47,3.85
55,-4.48,-3.83,-4.62,4.32
56,-9.58,-8.03,-8.68,0.38
57,-5.39,-4.87,-6.68,-2.64
58,4.05,5.95,1.58,-0.59
59,7.94,8.66,3.64,4.84
60,5.91,3.2,-0.65,4.77
61,-0.8,0.14,-2.79,-5.66
62,-1.0,3.57,2.81,-3.13
63,4.34,5.04,5.25,15.22
64,-1.64,0.96,-0.74,18.23
65,-10.73,-0.54,-3.7,1.69
66,-9.34,-1.12,-4.44,-10.84
67,0.43,-2.62,-6.51,-6.67
68,4.96,1.79,-4.66,-6.91
69,-3.72,11.22,4.04,-17.21
70,-8.58,13.74,10.58,-17.22
71,-9.54,8.57,7.49,-19.26
72,-20.77,9.54,2.96,-28.45
73,-21.16,21.06,1.9,-34.62
74,-0.95,34.24,5.16,-17.79
75,-10.96,36.55,-0.83,21.71
76,-45.28,10.29,-15.61,18.48
77,-53.78,-4.0,-0.98,-34.67
78,-40.54,36.36,18.86,-85.84
79,-24.81,0.16,-15.35,-68.79
80,-22.29,-77.93,-59.3,48.86
81,-4.59,-43.53,-52.58,143.47
82,-1.93,10.93,13.92,110.52
83,-27.12,18.08,82.43,-2.11
84,-3.9,12.42,64.72,-42.93
85,47.65,72.59,18.37,37.63
86,82.71,153.69,-1.71,71.04
87,68.41,126.91,-13.59,28.4
88,36.6,52.62,12.44,24.84
89,39.76,4.4,36.58,40.19
90,36.1,-33.43,5.2,28.35
91,26.95,-47.36,-33.82,10.04
92,40.89,-16.77,-39.13,-4.16
93,40.25,35.64,-19.92,-21.98
94,7.11,41.24,-6.18,-35.96
95,-14.65,-9.33,-16.45,-35.23
96,2.1,15.21,-19.99,-19.45
97,33.03,79.31,2.38,-6.17
98,35.06,15.34,-1.15,-7.79
99,8.54,-67.72,-36.16,-1.65
100,-12.32,-53.16,-31.85,9.39
101,-19.81,-46.15,7.59,-3.33
102,-15.45,-63.61,19.88,-23.72
103,11.13,-47.64,3.29,-20.68
104,29.59,-29.26,9.72,-8.28
105,15.26,-38.32,49.06,-2.43
106,-7.77,-47.75,50.62,5.04
107,-20.58,-61.06,-11.82,1.15
108,-14.47,-89.71,-29.16,-17.21
109,4.12,-78.68,42.88,-10.27
110,13.54,-25.78,74.85,13.83
111,6.72,-0.22,29.48,6.05
112,1.2,-20.17,-6.64,-10.36
113,-1.6,-48.33,-8.91,-9.68
114,-16.31,-62.8,-5.08,-10.97
115,-22.67,-62.65,-18.67,-13.64
116,-13.94,-58.63,-16.3,-8.22
117,-18.88,-55.92,14.07,-7.71
118,-25.16,-29.1,12.87,-20.18
119,-13.01,9.16,-9.5,-26.77
120,-5.25,9.04,-11.48,-20.64
121,-5.84,3.71,-20.33,-17.72
122,-2.94,50.05,-26.43,-14.76
123,-6.79,83.55,11.6,1.42
124,-5.14,62.64,40.25,10.88
125,6.43,49.81,25.84,5.05
126,4.86,62.74,14.44,-6.48
127,4.64,75.89,15.4,-20.19
128,19.21,78.03,10.65,-21.56
129,28.03,48.28,-5.72,-12.43
130,19.08,16.31,-4.69,17.4
131,-3.66,15.43,19.78,68.16
132,-27.15,18.5,15.87,49.52
133,-36.48,-6.07,-28.49,-39.11
134,-31.48,-70.74,-52.24,-61.84
135,-16.74,-87.4,-38.19,-0.53
136,1.55,-13.65,-25.4,67.54
137,7.05,39.13,-13.48,67.54
138,-20.93,15.17,-18.58,-5.65
139,-49.62,-62.09,-38.36,-18.96
140,-35.8,-112.01,-35.89,36.46
141,-9.64,-51.53,-30.95,32.97
142,2.69,23.8,-33.16,9.77
143,1.58,14.76,-16.74,-5.46
144,-16.79,-22.07,0.17,-46.55
145,-39.96,-59.27,-15.01,-31.97
146,-26.9,-82.97,-33.58,18.5
147,6.02,-57.32,-27.05,27.2
148,11.12,-7.35,-6.05,13.98
149,2.83,18.65,10.74,-0.43
150,-3.19,9.32,6.77,-7.13
151,-8.15,-32.6,-4.79,-6.22
152,-12.45,-76.74,-3.39,-8.3
153,-15.42,-71.67,-6.03,-15.01
154,1.91,-34.25,-15.3,-16.53
155,32.48,3.74,-2.77,-5.87
156,33.9,15.26,10.18,14.96
157,27.56,15.83,14.41,33.04
158,40.29,31.48,24.11,28.29
159,40.62,35.83,20.33,5.9
160,20.78,30.55,8.04,-11.43
161,2.55,26.05,6.62,-10.7
162,1.16,8.34,14.71,-2.5
163,2.8,-21.93,12.79,-3.63
164,-4.18,-18.58,7.38,-4.87
165,-6.33,10.92,10.09,-14.38
166,-0.41,10.02,3.81,-22.66
167,3.73,6.87,3.67,-6.31
168,2.26,22.09,12.36,-5.23
169,7.27,36.89,4.32,-23.8
170,12.15,49.04,-1.12,-17.23
171,-2.2,28.33,19.74,-1.43
172,-13.99,-5.3,39.92,-9.85
173,-5.09,4.04,32.52,-15.72
174,9.98,34.72,17.36,4.11
175,15.46,37.4,9.81,18.93
176,4.86,19.08,4.89,4.98
177,-2.24,21.53,2.17,-14.04
178,3.67,35.05,-6.52,-9.97
179,5.66,26.2,-19.54,3.31
180,-0.79,13.8,-13.62,8.21
181,-6.13,15.44,7.68,12.52
182,-2.18,16.27,15.84,12.15
183,2.9,17.18,7.93,3.81
184,1.59,23.75,-4.26,-0.72
185,-3.88,17.88,-10.1,-3.55
186,-4.36,7.37,-4.57,0.12
187,8.19,14.72,1.41,17.74
188,18.4,16.72,0.13,27.29
189,13.07,7.17,-0.96,12.32
190,6.61,12.25,0.17,-4.15
191,11.95,22.39,-0.52,4.03
192,17.53,16.53,3.22,18.12
193,9.37,5.82,5.48,8.66
194,4.36,11.41,3.48,-3.55
195,11.91,15.39,6.76,1.33
196,14.69,-2.0,10.29,13.08
197,13.8,-10.36,8.58,26.84
198,7.27,-3.89,-1.27,20.7
199,-0.05,-0.43,-1.03,-1.12
200,4.49,1.81,11.76,-3.67
201,12.5,2.77,11.23,10.2
202,15.25,5.46,5.66,12.09
203,7.17,-1.43,5.3,0.69
204,-2.26,-15.79,1.57,5.84
205,-4.98,-17.06,-4.96,17.78
206,-8.9,-15.39,-8.79,2.5
207,-12.15,-16.92,-11.41,-20.93
208,-14.18,-14.28,-14.94,-22.55
209,-15.48,-8.72,-11.22,-12.66
210,-12.77,-4.36,-5.97,-9.36
211,-11.83,-8.2,-10.18,-12.16
212,-10.24,-9.56,-10.03,-12.03
213,-7.82,-2.54,-5.37,-12.44
214,-8.0,-0.01,-5.85,-10.79
215,-8.0,-1.64,-6.26,-3.51
216,-9.82,-1.84,-4.89,-3.89
217,-6.89,4.98,-0.5,-5.19
218,-0.41,14.88,3.11,-0.68
219,2.76,10.86,7.03,5.35
220,6.53,-5.99,11.41,4.85
221,8.93,-12.25,10.19,-6.52
222,5.34,-4.89,8.21,-8.11
223,-1.61,-2.89,4.38,2.42
224,-4.27,-2.46,3.62,2.78
225,-3.1,3.31,6.89,-9.95
226,-3.55,2.71,1.28,-8.29
227,-6.98,-2.79,-6.32,8.86
228,-8.46,-3.82,-6.81,14.0
229,-5.19,1.72,-4.18,10.65
230,-7.76,-0.11,-5.84,1.06
231,-13.51,-13.54,-9.28,-9.76
232,-8.9,-13.66,-3.88,-2.45
233,-1.44,-3.37,2.48,5.8
234,1.01,-0.61,1.2,-0.49
235,-0.97,-0.7,-1.85,-5.66
236,-6.59,0.06,-4.8,-1.99
237,-6.64,-5.93,-3.92,3.41
238,-4.89,-15.64,-1.02,-2.1
239,-9.27,-11.82,-2.86,-17.58
240,-10.61,-2.03,-6.15,-23.94
241,-6.73,-1.8,-6.93,-12.36
242,-1.15,-0.04,-0.51,4.73
243,2.19,2.46,5.07,6.19
244,3.28,-0.8,3.87,-2.28
245,7.43,1.12,4.31,1.54
246,8.86,4.7,6.09,9.71
247,3.03,1.89,5.28,9.39
248,-6.53,-5.12,-1.52,4.82
249,-11.36,-8.23,-7.87,-1.66
250,-7.13,-1.5,-7.43,-11.05
251,-2.75,2.56,-6.37,-12.53
252,-2.25,0.46,-5.7,-0.77
253,2.36,3.34,-2.11,6.82
254,10.69,9.32,3.89,5.23
255,10.47,12.19,7.31,0.9
256,3.02,11.53,6.39,-0.35
257,0.41,7.83,4.27,4.33
258,0.56,4.77,0.96,2.58
259,0.0,6.2,0.5,-0.36
260,-0.24,4.88,1.21,1.55
261,-0.83,-2.88,-2.01,-2.97
262,3.13,-3.71,1.2,-4.37
263,7.17,4.96,8.6,4.41
264,3.66,7.32,6.94,14.67
265,-3.4,-0.89,-1.21,15.0
266,-5.25,-4.65,-4.9,2.72
267,1.47,0.08,0.11,0.18
268,2.92,0.26,0.92,2.55
269,0.84,-1.61,-1.85,-3.14
270,4.35,0.11,-2.06,-3.91
271,4.51,0.37,-4.32,-2.69
272,2.19,0.19,0.16,-4.53
273,-6.8,-6.45,1.49,-10.46
274,-13.28,-13.56,-3.55,-9.02
275,-4.36,-8.11,-1.51,1.69
276,-2.15,-3.47,-1.74,1.09
277,-9.76,-6.74,-5.76,-6.49
278,-8.12,-7.16,-6.95,-5.54
279,5.29,2.51,-2.85,3.86
280,14.25,12.67,1.72,4.03
281,9.84,12.04,3.8,-8.6
282,4.97,7.02,8.93,-7.02
283,0.65,-0.99,6.34,2.35
284,-2.94,-7.11,-3.1,-4.49
285,1.08,-1.55,-3.47,-3.16
286,5.54,5.81,1.15,19.87
287,6.82,9.06,7.31,33.4
288,4.25,7.34,10.56,19.68
289,-3.35,1.32,5.58,-9.75
290,-12.56,-3.59,0.91,-30.64
291,-17.24,-7.31,-0.67,-27.72
292,-12.88,-7.23,-3.05,-15.67
293,-4.85,-4.04,-6.14,-12.32
294,2.79,0.63,-3.87,-2.9
295,8.82,5.43,1.07,16.9
296,11.2,4.68,-1.03,20.2
297,13.51,2.2,-4.44,15.19
298,12.53,2.82,-2.97,19.65
299,7.93,5.02,2.14,19.92
300,6.0,4.69,7.27,14.05
301,2.65,-1.07,3.93,6.14
302,-3.22,-5.73,-3.82,-5.51
303,-9.6,-8.58,-8.46,-17.23
304,-12.86,-9.2,-11.24,-20.08
305,-8.26,-2.98,-11.52,-8.62
306,0.24,2.64,-5.56,2.5
307,4.0,0.8,4.78,-2.58
308,-2.47,-5.74,7.18,-12.77
309,-8.39,-7.07,3.67,-8.05
310,-6.58,-1.84,3.5,0.59
311,-5.65,-0.98,3.29,-4.39
312,-5.73,-2.64,1.97,-8.54
313,-6.51,-2.3,-2.82,-3.77
314,-7.33,-1.41,-8.18,0.83
315,-4.52,0.4,-6.74,1.21
316,-2.6,-1.33,-2.42,-3.56
317,-1.37,-4.14,2.79,-6.12
318,0.36,-5.13,3.55,-6.78
319,2.51,-4.52,-0.41,-3.68
320,4.19,-0.86,0.34,8.37
321,1.98,1.73,2.26,9.76
322,0.34,3.87,1.03,0.87
323,0.24,2.18,-1.9,-1.55
324,2.94,-0.96,-0.43,-2.34
325,8.37,3.58,5.95,-0.18
326,8.93,6.57,4.53,8.46
327,5.2,2.78,-2.25,11.55
328,0.89,-0.3,-1.36,4.53
329,-2.6,-0.49,1.43,-3.49
330,-4.6,-0.88,-2.27,-6.3
331,-2.91,-1.21,-4.09,-4.85
332,3.49,2.2,0.38,-0.44
333,5.11,4.62,1.66,6.11
334,2.79,3.08,-0.32,11.49
335,0.26,-0.76,-3.62,9.88
336,-4.02,-3.49,-7.09,4.36
337,1.8,2.49,-0.99,5.06
338,5.56,4.45,2.17,2.17
339,-0.67,-1.31,-2.98,-4.95
340,1.55,0.46,0.11,-1.8
341,7.18,6.53,7.89,8.62
342,9.34,10.43,10.97,18.23
343,8.12,8.68,7.96,16.0
344,2.99,2.89,4.96,3.25
345,-3.62,-3.02,2.78,-10.6
346,-8.32,-7.62,-3.82,-23.25
347,-2.98,-3.84,-4.48,-18.82
348,3.63,3.2,-0.41,-1.54
349,4.72,4.31,0.05,11.27
350,6.59,2.61,0.86,17.04
351,3.0,-1.46,0.26,7.07
352,-4.25,-5.47,-1.37,-5.66
353,-5.84,-4.4,-1.71,-4.47
354,-3.28,-0.27,-0.33,0.2
355,-3.83,2.04,-1.01,-3.48
356,-6.8,-0.16,-5.11,-8.41
357,-4.17,-2.21,-3.18,-6.47
358,0.17,-3.69,1.79,-1.91
359,4.26,-2.12,5.6,4.04
360,6.48,3.71,6.53,2.76
361,3.68,5.18,2.09,0.61
362,2.75,3.73,1.62,9.13
363,0.98,1.09,1.15,8.83
364,-5.12,-2.14,-5.27,-3.05
365,-8.03,-3.17,-9.41,-9.48
366,-5.95,-3.23,-7.51,-14.32
367,-1.48,-0.63,-1.27,-14.98
368,4.25,2.88,4.41,0.5
369,10.52,3.0,7.63,18.5
370,9.01,-2.77,5.26,16.8
371,-1.36,-9.66,-1.22,4.27
372,-7.86,-7.17,-2.4,-2.12
373,-10.53,1.49,0.03,-8.16
374,-2.38,6.28,3.66,-9.07
375,11.59,1.93,1.78,0.69
376,8.64,-5.56,-7.0,6.97
377,2.01,-3.8,-5.65,5.74
378,4.99,3.51,4.06,1.36
379,6.51,4.67,5.8,-4.77
380,-0.38,-3.15,-3.9,-8.78
381,-8.25,-9.13,-12.86,-5.99
382,-5.26,-5.67,-9.23,1.67
383,-0.17,-2.06,-1.5,4.52
384,-4.32,-2.26,1.36,0.65
385,-11.04,-2.29,2.52,-4.81
386,-7.61,0.12,3.33,-2.9
387,3.83,4.33,3.08,3.83
388,4.67,6.6,2.16,-0.57
389,-4.09,4.75,2.82,-6.58
390,-8.26,0.7,2.8,-2.58
391,-4.95,0.96,2.33,1.42
392,0.68,4.14,5.47,-1.02
393,-0.06,0.91,3.72,-3.44
394,-3.46,-5.47,-4.95,-2.95
395,-1.17,-6.41,-8.57,-5.56
396,5.28,-3.46,-3.38,-1.29
397,7.14,-3.69,1.88,10.15
398,0.71,-8.51,-0.17,8.77
399,-1.12,-9.17,-3.72,1.71
