,ch1,ch2,ch3,ch4
0,-3.43,11.79,13.9,1.43
1,3.61,14.82,15.82,7.47
2,12.87,13.4,16.65,3.9
3,14.07,11.49,16.59,-5.85
4,5.78,8.07,10.1,-11.53
5,4.84,10.48,10.25,-4.24
6,4.47,9.03,9.23,7.0
7,1.42,2.18,1.59,14.59
8,1.22,-1.74,-5.13,15.41
9,4.11,-0.4,-6.97,14.58
10,6.1,1.45,-5.41,9.78
11,-0.39,-4.29,-7.53,-4.74
12,-9.14,-12.26,-12.2,-9.87
13,-12.34,-15.13,-16.55,-3.84
14,-7.45,-10.63,-15.8,-1.28
15,1.3,-3.69,-7.65,-0.24
16,5.05,-2.77,-1.44,1.48
17,4.08,-3.43,-0.06,4.41
18,-3.59,-4.88,-4.95,1.92
19,-9.73,-6.42,-9.64,-2.89
20,-2.9,-1.01,-3.06,0.33
21,4.72,4.16,4.17,2.78
22,6.8,3.94,4.52,1.14
23,0.5,-1.1,-1.6,-1.45
24,-9.65,-6.46,-5.52,-2.64
25,-9.29,-5.19,-1.94,-4.49
26,-3.16,-0.36,-0.81,-4.99
27,2.86,4.93,0.93,0.32
28,0.97,3.32,-0.6,1.05
29,-6.71,-4.35,-8.32,-6.21
30,-1.17,-3.65,-6.57,-9.15
31,10.58,3.19,3.32,1.2
32,13.84,6.28,9.07,10.53
33,9.22,4.61,8.86,5.13
34,5.37,5.08,10.78,4.48
35,3.8,7.25,11.1,5.28
36,-6.11,0.14,0.65,-17.26
37,-17.4,-11.09,-8.21,-42.18
38,-20.56,-15.16,-9.36,-44.32
39,-11.59,-7.75,-1.73,-17.29
40,2.59,2.53,7.19,18.66
41,6.18,1.53,0.06,30.15
42,9.79,0.57,-6.09,27.42
43,13.27,3.9,-2.66,21.89
44,10.18,3.65,-1.63,19.79
45,6.96,2.11,-2.52,20.23
46,-0.61,-1.25,-4.58,5.86
47,-6.5,-2.46,-3.59,-8.76
48,-8.33,-3.67,-4.93,-11.75
49,-6.92,-4.22,-6.24,-9.11
50,-1.89,-0.01,-0.2,-9.29
51,-3.19,1.6,3.79,-12.15
52,-4.64,0.98,4.79,-5.88
53,-5.24,-2.61,1.59,-4.2
54,-2.95,-2.56,2.36,-6.27
55,3.75,3.01,7.57,-2.05
56,2.08,1.27,3.33,-2.39
57,-1.92,-3.14,-0.09,-3.32
58,-6.31,-6.68,-1.64,-5.84
59,-10.07,-10.33,-5.53,-14.16
60,-12.23,-13.11,-9.25,-22.63
61,-12.3,-10.1,-10.13,-18.51
62,-3.9,-0.87,-1.88,2.62
63,-0.32,3.69,5.42,11.06
64,-0.83,6.74,8.04,3.08
65,-2.17,5.24,5.1,-3.8
66,-10.56,-2.48,-4.05,-12.1
67,-9.84,-0.64,-2.94,-11.74
68,-1.64,4.3,1.42,-4.83
69,2.24,5.58,1.11,-0.46
70,2.73,8.63,3.74,3.73
71,-5.83,5.2,1.23,-3.63
72,-9.25,2.56,0.27,-9.28
73,1.59,4.72,3.76,2.82
74,12.94,5.12,3.25,11.87
75,12.18,4.59,0.62,2.76
76,-0.95,-2.09,-4.54,-11.96
77,-10.11,-4.81,-3.01,-14.53
78,-11.32,-4.58,-0.48,-8.66
79,-6.97,-4.6,0.24,10.39
80,-4.83,-0.95,0.82,28.24
81,-5.06,-1.84,-4.48,14.09
82,0.61,-3.98,-1.92,-11.4
83,4.28,-3.18,0.61,-23.99
84,11.95,26.75,2.64,-21.66
85,20.61,49.81,10.05,-11.02
86,9.2,8.34,11.04,15.94
87,-2.9,-15.59,6.14,28.16
88,-2.5,17.26,-3.25,-7.91
89,-2.03,22.75,-6.3,-7.11
90,7.73,-7.3,-6.13,37.79
91,3.8,-21.1,-13.29,59.38
92,-20.05,-20.04,-22.79,38.36
93,-13.33,-11.84,-20.87,-27.21
94,17.49,16.47,4.21,-23.83
95,23.93,52.89,18.88,62.77
96,11.2,39.03,9.33,74.81
97,-4.69,-38.98,-2.33,12.43
98,-13.31,-63.42,-4.89,-23.58
99,15.83,39.6,22.24,-15.67
100,28.68,104.83,29.84,4.79
101,-35.49,3.92,-21.43,0.05
102,-62.81,-58.2,-41.21,-12.12
103,9.13,46.69,-14.84,8.06
104,50.45,105.75,-32.76,8.09
105,8.43,37.83,-106.59,-47.93
106,-48.71,-6.14,-156.9,-63.55
107,-44.12,27.24,-60.56,-1.11
108,15.21,106.17,132.62,32.71
109,39.84,161.05,200.26,5.55
110,10.37,79.59,107.0,-12.81
111,-22.02,-57.93,-2.64,-2.89
112,-11.06,-44.1,-28.86,6.7
113,6.03,56.53,-1.46,-8.16
114,-0.42,85.59,14.73,-20.43
115,17.23,41.29,17.87,3.23
116,40.36,-16.91,17.24,27.27
117,36.22,3.39,12.07,23.8
118,20.84,29.34,-5.73,4.81
119,10.73,-21.85,-18.3,-5.47
120,6.02,-68.81,-14.4,-5.76
121,13.45,-85.88,-15.31,-8.7
122,26.11,-90.27,2.44,0.9
123,8.62,-95.42,37.88,8.43
124,11.95,-73.94,55.93,11.4
125,53.7,-52.27,45.6,28.08
126,50.77,-86.37,13.76,30.53
127,23.44,-109.94,-11.51,15.25
128,13.47,-105.05,-21.77,3.27
129,12.14,-92.32,-1.38,1.54
130,23.99,-65.27,26.41,6.01
131,7.87,-82.39,7.93,6.23
132,-21.67,-118.17,-18.46,2.89
133,-8.94,-77.41,-14.57,-2.74
134,15.91,-19.4,-4.37,-1.98
135,13.77,-31.58,-1.39,3.17
136,-6.87,-59.58,-2.09,3.83
137,-7.32,-31.61,8.51,5.01
138,6.7,11.86,19.54,2.56
139,-1.1,9.33,9.96,-8.08
140,-23.32,-19.05,-6.31,-23.57
141,-38.53,-19.81,-13.38,-29.47
142,-47.3,14.75,-20.15,-18.49
143,-48.04,52.37,-34.54,-19.7
144,-20.68,85.37,-9.4,-24.14
145,10.18,100.47,42.63,-18.75
146,8.24,92.54,51.36,-28.53
147,-4.75,100.66,34.58,-24.66
148,-12.23,117.96,15.86,-6.66
149,-22.34,96.95,-6.85,-18.51
150,-33.11,53.42,-16.3,-42.98
151,-36.26,35.88,-13.56,-35.3
152,-32.7,40.92,-11.47,-1.99
153,-31.17,32.12,-13.27,23.6
154,-27.11,10.03,-19.55,18.5
155,-27.46,-22.4,-28.6,-22.68
156,-22.93,-55.97,-29.4,-20.79
157,-1.33,-42.08,-22.42,40.8
158,-3.21,-19.54,-23.23,57.6
159,-3.47,-42.54,-18.54,5.82
160,11.67,-60.72,-9.57,-42.17
161,-1.3,-48.28,-9.14,-45.93
162,-26.92,-42.46,-10.25,3.02
163,-32.8,-37.51,-12.94,67.36
164,-2.33,-18.14,-6.14,61.45
165,11.38,-29.77,-8.67,23.96
166,-9.56,-73.9,-36.73,9.37
167,-5.26,-67.28,-49.78,10.8
168,24.96,-23.84,-27.94,15.48
169,35.31,-23.07,-3.27,-16.41
170,2.65,-25.94,-12.64,-46.15
171,-31.3,7.51,-31.36,-38.7
172,-22.62,16.67,-21.95,6.8
173,-5.16,-40.5,-18.35,66.14
174,-13.9,-80.06,-33.45,53.69
175,-16.5,-44.59,-32.91,2.2
176,-1.47,9.74,-7.32,-14.33
177,8.04,49.66,19.57,-19.48
178,10.35,52.86,8.22,-34.66
179,13.07,41.63,-18.42,-31.82
180,5.2,27.54,-6.52,-14.04
181,-7.32,-17.38,20.91,-4.27
182,13.36,-18.04,37.12,11.81
183,39.42,33.1,41.1,8.94
184,28.93,62.74,34.13,-22.75
185,5.24,50.36,36.69,-43.07
186,-5.74,1.37,34.77,-38.59
187,-3.77,-23.76,27.02,-19.93
188,2.56,-8.38,29.57,4.35
189,16.01,-1.91,22.5,23.4
190,19.55,-19.72,11.05,20.34
191,7.29,-21.2,14.69,9.95
192,14.28,24.82,27.13,20.53
193,27.94,53.23,25.52,33.32
194,18.46,19.1,1.22,23.42
195,9.38,3.71,-6.79,4.24
196,10.26,27.3,7.16,-15.03
197,4.08,19.42,1.95,-27.06
198,-0.89,3.75,-11.67,-19.03
199,7.72,21.42,-7.01,-0.33
200,18.39,30.99,0.63,8.79
201,18.79,16.47,-3.72,6.32
202,13.35,14.99,-12.62,1.49
203,2.9,21.65,-11.92,-8.57
204,-0.73,19.83,4.65,-5.1
205,12.72,23.0,11.62,14.64
206,19.65,21.89,-2.86,13.47
207,13.04,13.1,-1.72,2.65
208,7.53,19.28,19.38,2.48
209,2.58,31.47,25.01,3.02
210,1.29,24.03,14.39,13.21
211,8.65,14.05,2.59,29.64
212,9.79,24.86,-1.73,23.32
213,1.01,30.13,6.13,1.09
214,-1.18,7.4,9.94,-3.67
215,0.97,-8.73,3.13,3.74
216,-1.22,-0.85,0.98,2.24
217,-0.64,-4.74,0.42,-5.76
218,-6.43,-29.18,-12.28,-15.62
219,-15.83,-35.88,-16.01,-20.07
220,-4.15,-13.88,2.93,-6.6
221,14.8,5.17,15.53,11.77
222,12.35,5.75,10.11,13.44
223,-9.19,-8.28,-3.6,-1.01
224,-19.51,-17.92,-12.99,-6.28
225,-12.72,-5.81,-9.5,3.03
226,-8.96,9.02,-1.74,3.02
227,-4.02,10.03,2.4,1.7
228,-1.19,3.57,-3.65,9.45
229,-6.85,-0.14,-13.28,12.22
230,-11.61,-0.99,-15.27,-6.08
231,-13.04,-2.89,-12.83,-22.68
232,-10.95,-0.09,-4.35,-5.3
233,-9.45,1.76,0.53,12.37
234,-1.96,1.75,-0.2,13.57
235,9.68,8.37,6.79,13.84
236,8.1,12.23,10.93,7.36
237,-1.41,4.81,2.72,-2.12
238,-11.89,-9.23,-10.95,-4.88
239,-12.27,-11.68,-9.2,5.44
240,-1.07,-5.02,4.43,13.73
241,0.69,-9.59,2.26,4.42
242,-4.5,-13.04,-4.13,-3.99
243,-5.79,-6.36,-3.56,-5.79
244,-1.14,1.25,-1.89,-7.71
245,1.34,3.81,-2.83,-15.18
246,-3.8,0.38,-7.53,-20.26
247,-4.0,-3.37,-6.69,-0.49
248,-0.58,-7.26,-1.67,17.01
249,0.26,-7.39,6.0,8.32
250,-0.96,-4.74,10.0,-4.86
251,-2.94,-7.25,4.09,-10.54
252,3.49,-6.32,3.64,-5.04
253,8.65,-5.09,6.11,1.04
254,0.08,-14.19,1.44,-0.21
255,-11.89,-24.81,-6.6,-7.71
256,-15.3,-24.25,-11.99,-13.66
257,-7.32,-13.11,-7.57,-4.98
258,-4.69,-8.96,-4.16,-4.01
259,-7.94,-6.57,-4.21,-14.34
260,-7.34,-1.72,-3.86,-15.32
261,-6.3,-4.77,-4.68,-7.4
262,0.5,-1.87,1.22,5.73
263,1.52,2.28,0.7,8.02
264,-0.34,2.81,-2.8,0.9
265,4.77,6.04,3.09,-4.12
266,5.12,7.05,4.99,-6.9
267,6.04,10.86,4.26,0.37
268,3.68,9.96,0.75,4.79
269,1.03,6.07,-1.45,5.49
270,6.75,9.92,3.77,8.9
271,5.47,9.59,4.68,3.98
272,2.27,8.48,5.04,5.18
273,6.03,14.65,7.71,15.29
274,12.19,19.4,8.47,17.71
275,13.36,15.3,6.98,11.61
276,5.86,5.34,1.12,2.87
277,1.89,0.82,-1.13,2.47
278,0.51,0.55,1.36,2.94
279,-3.29,-0.21,-0.28,-3.26
280,-5.12,-0.12,-5.04,-4.71
281,-2.65,0.19,-2.4,-2.48
282,1.43,-0.26,3.69,-5.96
283,-5.68,-5.15,-1.95,-15.06
284,-14.38,-7.38,-8.14,-9.31
285,-11.21,-3.62,-6.23,4.24
286,-4.4,0.26,-4.19,2.9
287,0.77,3.43,-1.22,-0.22
288,-1.24,0.55,-1.35,-3.05
289,-2.81,-1.18,-0.77,-6.23
290,3.18,5.11,6.65,-0.92
291,9.52,10.4,11.85,9.98
292,8.45,8.54,7.96,13.18
293,-5.43,-0.78,-5.61,-2.88
294,-10.73,-3.76,-10.53,-12.39
295,-3.64,-1.42,-3.57,-4.79
296,-5.96,-7.08,-4.42,-3.61
297,-8.67,-8.81,-5.92,-6.94
298,-5.37,-4.53,-3.81,-7.83
299,-0.26,-2.74,-2.55,-5.02
300,3.32,-0.83,-1.94,-0.53
301,1.79,2.11,-2.19,-2.91
302,-1.22,4.38,-0.55,-7.88
303,-2.5,6.06,-1.84,-2.53
304,4.47,9.39,1.25,12.86
305,9.87,5.89,8.16,18.44
306,7.46,-3.68,8.78,10.48
307,5.54,-4.99,6.47,0.19
308,-5.59,-10.4,-7.17,-10.25
309,-13.47,-20.24,-18.37,-7.62
310,-7.65,-16.39,-9.22,1.93
311,-4.3,-2.76,3.71,4.43
312,5.56,12.04,15.0,12.07
313,20.4,19.02,20.71,12.51
314,22.38,18.35,17.1,0.23
315,8.62,10.82,10.47,-7.3
316,-1.77,4.15,9.92,-4.13
317,5.83,9.51,18.04,5.8
318,8.59,11.54,15.13,7.09
319,4.58,7.59,4.63,3.77
320,3.83,5.04,-0.6,0.43
321,-2.05,1.66,-5.79,-0.4
322,-4.06,0.91,-4.83,11.41
323,-3.31,-1.06,-2.51,15.72
324,-5.6,-3.65,-4.03,3.35
325,-7.57,-4.97,-5.16,-20.98
326,-12.1,-8.78,-7.02,-43.85
327,-13.0,-6.94,-5.31,-35.81
328,-15.13,-7.92,-8.56,-15.71
329,-15.91,-15.53,-15.51,-0.91
330,-7.51,-17.23,-17.74,16.79
331,0.12,-15.9,-21.35,23.08
332,5.21,-12.14,-19.85,18.61
333,5.36,-6.62,-11.41,14.4
334,9.94,3.75,2.38,21.25
335,16.93,10.95,11.24,25.68
336,8.66,1.86,1.16,3.42
337,-1.36,-4.67,-6.39,-18.13
338,-6.16,-4.61,-4.04,-24.39
339,-9.14,-7.22,-4.66,-23.24
340,-9.2,-8.59,-4.78,-16.6
341,-7.06,-6.0,-1.28,-11.84
342,-0.62,2.52,5.24,-1.8
343,-1.12,4.68,4.28,2.57
344,-5.62,-0.44,-0.96,-5.64
345,-5.97,-3.06,-1.66,-5.73
346,-8.68,-4.27,-4.43,-0.45
347,-3.82,1.02,-0.94,-1.95
348,6.63,6.18,6.2,-8.63
349,10.32,6.28,7.03,-5.23
350,9.3,7.39,5.6,7.82
351,5.71,6.67,2.99,9.84
352,1.67,3.55,2.51,1.82
353,-3.57,-1.64,1.74,-5.88
354,-1.04,-2.7,2.89,-2.83
355,2.4,-1.4,2.87,0.69
356,-1.94,-1.83,-2.77,-2.14
357,2.48,3.07,0.35,6.19
358,6.86,6.04,5.85,13.07
359,3.46,4.7,5.26,7.65
360,-4.01,0.82,0.12,-1.72
361,-11.76,-6.28,-7.77,-9.8
362,-4.34,-4.51,-3.66,-6.53
363,10.37,5.8,7.39,6.46
364,15.01,11.72,10.63,17.21
365,8.2,7.95,5.5,16.81
366,-0.34,0.7,-1.72,5.3
367,-1.37,-1.44,-2.25,-6.86
368,-2.9,-3.1,-2.03,-10.86
369,-2.56,-3.0,-0.96,-0.84
370,0.36,-0.59,1.35,6.03
371,1.25,1.49,0.25,0.92
372,6.45,7.61,2.88,3.7
373,2.85,4.34,-0.95,5.65
374,-1.91,-2.38,-6.04,9.32
375,4.33,-0.32,-3.84,19.41
376,4.14,-2.3,-5.54,15.08
377,-1.77,-6.41,-6.06,0.72
378,-8.98,-10.96,-9.71,-17.88
379,-8.62,-9.97,-9.33,-23.44
380,-0.07,-0.59,2.33,-4.68
381,-1.08,0.8,6.54,9.57
382,2.03,3.3,10.22,14.0
383,8.31,7.4,11.05,10.21
384,3.7,2.77,3.12,0.27
385,2.02,2.03,4.22,0.11
386,3.21,4.45,7.43,0.77
387,3.71,4.28,3.19,-1.58
388,2.2,-0.6,-5.88,-4.48
389,0.84,-4.77,-7.9,-3.42
390,0.29,-3.4,-0.16,1.69
391,-8.22,-6.12,-1.17,-5.52
392,-15.8,-11.51,-10.74,-15.66
393,-16.39,-13.91,-17.06,-16.23
394,-13.0,-12.26,-13.4,-14.38
395,-8.06,-10.49,-7.98,-12.48
396,-3.2,-10.0,-7.72,-3.2
397,4.01,-4.2,-0.54,9.17
398,3.38,-3.62,8.01,3.57
399,-2.51,-10.26,8.15,-9.59
