,ch1,ch2,ch3,ch4
0,-6.74,6.28,8.12,-8.97
1,4.66,8.55,5.91,-0.01
2,5.37,12.89,6.01,4.54
3,-6.51,9.47,6.47,2.21
4,-8.43,5.68,2.77,2.35
5,6.13,8.51,3.05,3.07
6,15.37,10.92,9.78,1.77
7,10.22,3.64,8.14,1.69
8,-3.51,-9.15,-4.93,-1.66
9,-8.62,-13.39,-12.02,-5.05
10,-1.27,-9.62,-9.19,-4.39
11,3.09,-8.39,-5.46,-2.48
12,0.34,-8.8,-6.18,1.23
13,-5.2,-8.21,-7.87,-0.22
14,-5.19,-8.6,-3.52,-3.33
15,0.18,-8.91,-0.47,0.13
16,4.38,-4.6,1.29,5.56
17,7.41,1.73,4.09,6.18
18,7.13,0.69,-0.56,1.81
19,1.32,-7.19,-8.42,-4.39
20,-5.77,-10.18,-7.49,-6.41
21,-10.5,-9.1,-1.21,-0.55
22,-10.23,-6.69,3.5,5.41
23,1.48,0.9,6.1,12.32
24,11.43,0.88,2.08,12.44
25,5.27,-3.36,-3.64,2.21
26,-0.98,4.74,-0.81,-2.5
27,4.22,10.32,4.34,3.31
28,5.27,3.35,3.27,6.91
29,-7.84,-4.04,-0.31,-9.97
30,-10.76,-3.19,-2.06,-23.46
31,3.44,-0.46,-3.26,-6.61
32,9.61,-1.13,-4.79,8.48
33,6.37,3.86,-2.04,3.76
34,-0.81,7.07,3.62,0.94
35,-3.84,1.97,4.87,3.61
36,6.94,1.49,1.0,5.32
37,6.54,5.15,-1.91,3.98
38,-4.07,7.75,-0.56,1.95
39,0.03,3.41,0.3,7.62
40,5.72,-3.47,3.47,12.94
41,6.33,0.06,8.38,3.84
42,12.67,4.59,7.31,-2.62
43,13.46,3.63,2.92,-0.24
44,-2.5,0.0,-1.23,-7.97
45,-11.9,-4.51,-4.67,-9.45
46,-10.93,-4.97,-6.83,-2.75
47,-9.59,-0.78,-5.48,-3.57
48,1.82,8.05,-1.27,2.48
49,10.3,14.76,1.17,11.08
50,14.11,11.21,2.04,7.76
51,9.91,5.07,3.42,-1.12
52,-11.39,6.79,5.57,-11.93
53,-13.74,16.49,9.36,-21.61
54,-5.21,14.91,5.24,-26.65
55,-14.85,-1.54,-6.87,-15.9
56,-21.31,-0.22,-7.38,7.97
57,-15.33,3.84,2.35,-7.92
58,-16.16,-0.82,14.51,-42.16
59,-25.4,18.71,10.99,-28.02
60,-8.92,20.03,-14.06,27.74
61,-10.67,-10.98,-26.16,64.57
62,-54.67,6.59,-10.31,37.85
63,-42.82,43.27,24.71,-1.81
64,2.34,32.7,45.99,-16.78
65,10.91,47.16,32.15,21.37
66,16.25,74.43,-6.67,85.17
67,14.95,11.09,-48.06,88.21
68,37.43,-34.49,-41.33,64.46
69,94.75,39.78,9.21,39.12
70,91.48,117.03,32.39,-7.78
71,40.32,108.6,21.81,-39.26
72,-3.17,21.17,-1.61,-42.49
73,-49.24,-62.32,-38.73,-42.38
74,-53.58,-20.24,-53.74,-31.47
75,11.14,43.53,-43.59,-17.39
76,47.03,-21.55,-23.42,-12.51
77,18.68,-67.69,15.37,-2.49
78,-7.34,-32.98,27.39,-10.04
79,-29.42,-26.25,-4.51,-34.62
80,-32.53,1.62,-23.7,-29.01
81,4.81,43.15,-28.82,-9.95
82,34.53,4.16,-44.45,-13.54
83,24.38,-47.34,-38.77,-15.71
84,-4.46,-49.99,3.33,-10.79
85,-6.03,-31.79,49.78,-17.17
86,16.11,-12.68,50.82,-22.3
87,25.68,-9.65,4.74,-4.67
88,18.84,-32.61,-39.4,18.54
89,7.8,-60.2,-45.59,13.4
90,4.68,-47.28,23.58,-0.39
91,15.79,-18.09,79.48,2.04
92,23.89,-14.45,62.77,6.48
93,19.28,-3.64,74.23,8.59
94,14.9,14.05,83.11,11.93
95,23.44,4.67,40.0,18.16
96,36.32,-4.9,9.85,20.64
97,21.47,-0.13,38.57,9.87
98,3.38,-8.69,77.08,0.24
99,12.37,1.35,69.06,-1.97
100,5.94,31.8,53.84,2.59
101,-26.47,17.22,45.14,7.26
102,-35.17,-1.3,22.19,2.07
103,-9.31,20.86,-13.4,-8.68
104,13.61,45.82,-26.75,-8.68
105,5.29,40.28,0.11,12.49
106,-25.89,0.25,17.4,23.82
107,-37.05,-29.02,5.13,16.01
108,-29.13,-20.67,-11.06,1.0
109,-39.32,-36.81,-25.23,-34.54
110,-37.68,-61.55,-49.12,-54.46
111,-8.13,-27.77,-66.71,-32.03
112,-7.29,-10.7,-54.33,-10.84
113,-24.53,-37.21,-38.67,-10.16
114,-19.68,-62.42,-49.12,-14.15
115,-17.81,-75.55,-59.27,16.9
116,-29.44,-82.65,-56.97,48.56
117,-35.73,-88.05,-65.13,37.94
118,-28.61,-61.83,-53.38,56.38
119,-17.56,-27.04,-12.03,56.48
120,-8.66,-21.35,-2.58,-30.87
121,-6.94,-32.34,-22.72,-90.98
122,-9.97,-32.83,-23.74,-55.29
123,-4.73,-10.12,-14.26,30.9
124,-2.22,0.28,-17.33,77.38
125,2.32,-13.68,-16.51,14.33
126,0.51,-36.63,-14.94,-60.69
127,-18.31,-64.61,-24.81,-28.86
128,-16.07,-68.46,-22.4,32.41
129,2.08,-45.85,-9.47,22.48
130,8.87,-30.06,-11.9,-9.34
131,6.56,-59.56,-27.7,-6.47
132,2.46,-84.87,-36.92,17.43
133,7.37,-29.89,-23.26,36.49
134,16.84,23.51,6.51,16.76
135,14.88,19.32,17.36,-24.74
136,8.17,12.07,-9.89,-29.65
137,9.08,29.78,-26.88,-15.84
138,10.72,53.45,10.0,-15.38
139,5.27,51.14,43.87,-9.91
140,0.75,38.69,39.99,5.82
141,11.5,49.34,31.49,12.0
142,19.45,63.04,16.66,-1.1
143,10.1,53.44,-14.22,-11.62
144,-2.26,44.22,-5.28,-9.76
145,-7.4,55.95,57.08,-15.71
146,-0.32,69.3,76.59,-21.49
147,5.67,58.85,33.74,-2.82
148,2.96,39.52,1.82,11.46
149,2.03,41.76,7.0,-2.05
150,10.1,54.66,23.96,-6.93
151,20.9,57.53,24.36,4.14
152,21.72,54.44,15.02,11.5
153,16.82,46.39,13.55,16.68
154,14.95,31.57,10.2,9.89
155,10.88,24.98,4.06,-9.07
156,0.09,23.73,7.91,-13.59
157,-2.54,20.92,13.34,-5.98
158,11.71,28.73,9.53,2.67
159,19.34,32.35,4.34,22.88
160,9.21,15.0,1.28,34.35
161,4.22,2.85,-2.17,14.94
162,8.11,10.33,-2.75,-6.61
163,7.12,15.67,0.51,-1.69
164,4.79,10.01,3.69,0.97
165,3.42,3.0,1.89,-17.74
166,-1.27,-6.04,-0.5,-17.96
167,-1.48,-12.59,-0.1,8.81
168,2.62,-7.56,-3.04,22.32
169,-0.41,-4.91,-4.79,11.47
170,-5.29,-11.68,-2.7,-2.35
171,-5.77,-13.47,-5.31,-13.54
172,-5.26,-7.38,-6.37,-14.74
173,-3.16,-7.1,-1.38,-2.75
174,-5.51,-15.8,-6.21,-3.84
175,-11.83,-17.66,-15.91,-10.08
176,-5.37,-9.09,-6.91,3.36
177,8.1,-5.32,6.81,12.27
178,7.38,-6.19,4.55,3.31
179,-2.86,-6.4,0.5,0.62
180,-8.67,-11.54,-1.27,6.42
181,-6.81,-10.13,-6.22,6.12
182,-0.2,2.69,-4.64,2.32
183,4.63,6.65,2.61,4.98
184,6.7,1.38,2.41,7.25
185,6.45,3.18,-0.4,4.66
186,6.85,7.25,7.45,7.66
187,0.88,0.1,7.42,6.86
188,-9.93,-5.87,-5.94,-3.65
189,-3.04,-1.03,-2.81,-11.06
190,6.69,-1.15,8.98,-13.37
191,-3.66,-9.0,3.19,-7.68
192,-13.53,-11.59,-7.89,5.23
193,-10.59,-8.41,-10.97,11.39
194,-10.7,-11.35,-13.25,2.83
195,-12.02,-12.46,-9.36,-8.94
196,-9.24,-5.29,-6.4,-10.37
197,-10.79,-3.19,-24.33,-6.58
198,-13.48,-3.01,-38.53,-2.47
199,-7.28,-5.62,-15.6,5.07
200,1.76,-19.65,24.23,3.91
201,-2.35,-31.7,40.31,-11.53
202,-7.75,-23.67,29.64,-14.62
203,-1.11,-6.05,17.86,-5.2
204,-2.12,-3.37,10.17,-6.84
205,-9.47,-5.66,-1.38,-10.89
206,-4.16,2.1,-5.3,-10.53
207,3.54,8.46,0.86,-8.01
208,8.22,14.5,4.38,6.26
209,12.87,19.96,4.36,22.83
210,11.75,17.12,3.46,18.82
211,9.33,16.96,2.79,5.51
212,8.66,19.29,3.44,6.07
213,4.69,15.04,4.84,4.3
214,-7.03,5.06,3.92,-19.04
215,-16.35,-4.99,1.18,-36.32
216,-7.79,-4.53,5.22,-21.22
217,3.66,-0.29,8.5,3.01
218,-0.66,-6.86,-3.61,11.13
219,-7.84,-16.95,-16.85,7.86
220,-4.71,-16.22,-13.26,3.73
221,0.95,-8.19,-4.64,6.18
222,-3.83,-8.92,-6.58,15.87
223,-12.06,-15.23,-12.67,19.42
224,-6.21,-10.56,-9.96,11.92
225,2.61,-2.57,-4.09,3.38
226,-3.29,-6.07,-7.23,-6.64
227,-9.55,-9.72,-9.31,-14.98
228,-3.88,-5.79,-4.96,-12.25
229,1.71,-3.58,-4.86,-9.03
230,4.0,0.25,-4.16,-10.44
231,9.98,6.88,2.77,-7.62
232,10.63,7.88,8.89,-3.21
233,1.06,5.36,10.05,-1.76
234,-3.82,2.8,8.8,0.88
235,-2.99,-1.54,6.06,4.1
236,-3.39,-3.7,2.02,0.78
237,-1.89,0.58,1.28,-2.63
238,-0.33,4.46,1.91,3.0
239,-0.07,1.92,-1.18,9.19
240,0.53,-0.16,-4.05,5.92
241,1.04,3.02,-0.15,-0.49
242,1.63,4.22,3.17,-0.02
243,2.2,1.3,-2.32,1.94
244,-0.23,-3.61,-8.62,-0.63
245,-10.44,-11.92,-13.13,-6.28
246,-15.71,-14.78,-13.83,-9.23
247,-3.76,-4.37,-4.74,-1.47
248,6.57,5.71,3.39,6.16
249,7.52,5.58,2.39,3.51
250,6.76,2.91,-0.42,-1.7
251,3.85,2.07,-0.31,1.14
252,6.08,1.19,1.69,9.24
253,9.91,0.34,2.22,4.17
254,4.67,-0.8,0.58,-3.44
255,-3.33,-2.19,-3.09,-0.58
256,-3.81,-0.34,-4.67,-3.51
257,-2.33,1.54,-0.1,-5.92
258,-3.61,0.88,3.44,8.58
259,0.84,1.61,2.31,17.24
260,6.4,6.1,2.86,5.63
261,8.93,11.77,6.79,0.23
262,11.4,13.77,8.97,8.58
263,5.6,10.26,4.55,15.76
264,-5.64,0.86,-2.84,16.53
265,-9.92,-5.35,-6.75,7.6
266,-4.92,0.76,-6.73,-1.89
267,6.18,9.93,-1.25,0.13
268,15.24,11.68,3.97,2.62
269,13.65,9.81,4.71,-8.05
270,3.91,9.95,7.68,-20.91
271,0.76,10.06,12.16,-11.8
272,4.3,5.99,10.36,11.09
273,3.35,2.42,1.28,20.28
274,-0.18,3.64,-3.68,14.36
275,-6.61,3.82,-0.46,1.53
276,-11.73,0.92,1.85,-19.42
277,-4.92,1.85,3.51,-29.38
278,3.55,-0.89,-0.28,-12.02
279,2.61,-11.28,-9.23,7.07
280,-2.13,-9.21,-6.33,9.21
281,-3.73,-0.37,4.08,8.28
282,-6.26,-5.38,1.69,5.33
283,-13.1,-16.47,-11.38,-4.15
284,-10.45,-17.53,-10.88,-9.91
285,-0.22,-9.67,0.87,-14.61
286,2.89,-6.56,0.73,-14.61
287,-1.97,-5.9,-4.52,-6.77
288,-5.54,-2.29,-3.74,1.55
289,0.19,-0.54,-0.89,6.16
290,4.78,1.39,4.12,-1.18
291,1.21,-0.43,5.09,-8.15
292,-4.45,-8.16,-3.39,-1.65
293,-3.33,-11.85,-12.0,7.64
294,1.46,-9.32,-10.9,8.22
295,-2.47,-4.58,-3.2,-1.5
296,-5.99,-0.79,2.44,-7.31
297,-4.21,-1.34,0.77,-4.84
298,0.38,-4.34,-3.89,-4.52
299,7.44,-5.22,-5.37,-0.28
300,4.9,1.31,-3.0,7.18
301,-1.88,10.71,5.41,3.25
302,-1.89,8.76,7.79,-4.05
303,4.78,1.57,1.86,0.93
304,12.9,0.47,2.07,11.17
305,9.26,2.94,5.61,8.86
306,-3.72,3.71,4.4,-4.47
307,-8.53,1.48,0.54,-8.42
308,2.17,5.94,1.05,-4.27
309,12.62,16.87,4.86,-3.24
310,6.76,17.76,5.88,0.54
311,-6.2,2.78,0.4,-0.77
312,-10.27,-2.82,-2.62,-7.01
313,-5.86,12.03,4.46,0.44
314,-2.84,14.85,6.91,8.25
315,-5.5,-0.19,1.65,4.64
316,-8.88,-7.82,-0.29,3.17
317,-7.1,-3.0,-0.85,2.71
318,-3.5,8.25,2.24,-4.54
319,-8.9,8.3,8.05,-12.43
320,-15.28,-4.28,4.65,-9.67
321,2.84,1.84,4.15,-2.07
322,21.53,11.08,12.95,-1.52
323,-11.19,-12.01,4.49,-8.69
324,-60.33,-44.52,-23.51,-14.95
325,-61.16,-45.42,-35.84,-15.28
326,-21.32,-11.55,-13.47,-14.44
327,20.48,15.21,11.38,-7.1
328,33.52,15.52,7.15,3.81
329,18.41,9.63,-3.95,3.06
330,-0.77,-1.56,-0.01,-6.81
331,-16.88,-13.21,-0.29,-7.26
332,-8.84,-1.0,0.83,4.58
333,28.05,21.79,12.26,17.84
334,26.01,18.05,-16.29,23.33
335,3.03,2.52,-50.85,17.01
336,20.33,11.98,-4.53,11.53
337,44.26,37.89,76.29,15.17
338,47.95,41.03,83.39,20.03
339,38.97,24.36,26.25,18.92
340,36.96,19.52,-3.89,12.41
341,28.52,17.19,1.08,5.74
342,1.42,2.68,8.78,6.27
343,-7.72,-9.44,8.11,8.92
344,-2.55,-10.72,-4.17,1.2
345,-6.68,-5.01,-15.68,-6.34
346,-12.8,-2.57,-24.36,-2.07
347,-16.03,-13.43,-21.75,-2.49
348,-21.11,-20.21,-4.12,-11.32
349,-27.71,-19.78,-7.84,-14.24
350,-19.91,-19.17,-24.53,-9.63
351,-3.78,-12.21,-15.2,-3.44
352,-5.53,-10.03,-8.8,3.75
353,-14.02,-9.52,-22.77,9.25
354,-6.06,0.2,-14.82,3.3
355,5.62,5.48,10.56,-8.93
356,-1.8,-4.63,3.71,-22.78
357,-20.19,-18.37,-13.5,-35.0
358,-27.3,-14.42,6.78,-26.79
359,-17.1,2.9,28.35,-7.77
360,-1.92,9.66,11.85,1.97
361,11.79,7.99,-13.43,13.44
362,14.16,5.42,-18.12,22.86
363,-3.1,2.18,-0.86,19.86
364,-13.13,6.96,18.41,16.89
365,-1.18,12.81,17.4,19.56
366,10.01,10.28,2.86,17.53
367,6.22,3.6,-7.15,4.31
368,1.49,0.9,-3.59,-11.21
369,5.44,6.64,6.47,-17.05
370,6.42,11.62,5.72,-13.47
371,0.44,5.77,-2.19,-12.16
372,-2.93,-2.54,-3.77,-13.18
373,2.78,-1.08,-3.0,-6.64
374,9.39,4.94,-0.76,-0.8
375,4.77,-0.62,3.42,-7.97
376,0.65,-11.43,0.44,-11.77
377,3.84,-5.77,-5.76,-2.57
378,3.13,-1.32,-4.13,-1.89
379,-2.64,-11.68,1.66,-3.62
380,-2.42,-15.6,0.1,6.26
381,7.97,-11.65,-2.66,7.46
382,9.69,-12.64,-0.15,-0.66
383,2.65,-16.82,-2.49,6.91
384,-0.25,-16.07,-8.37,19.98
385,-5.17,-15.7,-14.64,13.5
386,-6.55,-21.61,-17.61,-3.38
387,-1.29,-25.01,-6.05,-7.3
388,2.85,-21.95,11.77,-0.51
389,2.56,-21.1,15.37,0.85
390,-1.61,-18.39,6.6,5.2
391,0.38,-9.47,2.14,15.67
392,2.89,-1.72,5.29,17.03
393,-3.0,4.17,4.81,7.86
394,-4.12,6.61,-3.02,-1.17
395,1.44,9.5,-3.56,-0.31
396,2.36,15.28,6.44,2.96
397,4.49,19.69,11.03,0.02
398,12.93,24.62,6.6,0.46
399,16.24,26.82,5.31,6.09
