,ch1,ch2,ch3,ch4
0,2.72,1.52,5.35,-0.47
1,-1.12,-2.0,1.53,0.41
2,-1.28,-3.12,-0.76,4.46
3,-3.74,-5.02,-2.22,-2.83
4,-10.47,-8.77,-5.6,-24.19
5,-12.76,-8.74,-3.24,-34.02
6,-10.84,-4.05,0.53,-23.93
7,-2.53,4.08,2.44,-3.31
8,1.14,4.28,-0.88,3.5
9,1.25,-0.33,-4.29,2.5
10,7.83,0.92,-2.66,12.0
11,11.57,2.32,-4.12,22.28
12,11.09,4.61,-2.62,28.27
13,5.22,2.72,-0.53,19.87
14,0.37,-2.8,-0.15,5.06
15,1.67,-3.81,1.77,-2.56
16,-0.3,-1.7,0.36,-8.38
17,-3.03,2.16,-0.64,-7.35
18,-6.77,-1.09,-5.28,-7.73
19,-5.79,-4.25,-6.21,-8.39
20,2.67,1.75,3.15,-0.09
21,4.54,5.86,8.52,0.98
22,2.86,6.47,10.58,-3.53
23,1.25,3.93,7.99,-5.39
24,0.76,2.46,2.48,-5.45
25,1.87,4.06,0.87,-4.43
26,-1.48,0.15,-2.36,-4.09
27,-2.5,-4.38,-2.35,1.09
28,-5.64,-7.42,-3.12,-1.36
29,-11.06,-8.51,-8.07,-8.35
30,-9.24,-6.34,-9.31,-4.83
31,-7.17,-5.97,-7.59,-4.5
32,-4.58,-3.23,-2.09,-5.41
33,-5.36,-3.4,-0.31,-6.59
34,-9.06,-7.93,-1.84,-11.48
35,-4.68,-4.13,1.71,-5.14
36,2.19,3.42,3.31,7.81
37,4.81,6.25,1.47,10.7
38,1.67,4.1,-2.4,4.73
39,-0.39,-0.77,-4.23,3.65
40,1.6,-3.65,-0.44,4.55
41,0.54,-3.41,1.49,0.89
42,2.63,1.39,4.12,4.84
43,4.71,6.04,5.19,9.68
44,2.09,5.3,1.82,8.15
45,0.11,2.32,-0.85,6.16
46,-1.0,1.29,-0.92,3.73
47,1.79,2.92,2.49,3.7
48,-1.39,-0.03,-1.5,-1.98
49,-7.05,-2.9,-6.97,-9.17
50,-3.33,-0.24,-4.02,-8.84
51,2.53,0.98,1.17,-4.89
52,9.59,3.5,8.86,6.04
53,5.37,-0.51,2.58,5.96
54,-6.68,-11.96,-14.21,-5.12
55,-3.41,-8.76,-10.8,-2.95
56,7.74,5.67,7.3,5.03
57,17.08,16.31,21.65,15.5
58,16.8,16.9,22.66,18.44
59,10.48,12.9,19.36,7.73
60,11.46,14.67,22.53,3.33
61,14.99,18.34,25.26,8.24
62,18.5,21.24,27.81,14.55
63,16.8,19.06,23.4,14.09
64,11.12,15.98,15.83,11.93
65,5.98,14.41,11.84,11.1
66,-1.85,5.63,4.0,2.87
67,-6.32,-3.21,-2.56,-5.57
68,-6.21,-6.54,-7.83,-8.23
69,-3.78,-6.63,-11.58,-7.1
70,-4.85,-7.64,-13.23,-10.63
71,-14.94,-13.25,-18.1,-17.39
72,-22.16,-18.39,-21.01,-15.24
73,-25.48,-22.58,-25.06,-17.21
74,-24.0,-22.17,-26.35,-23.52
75,-16.95,-17.22,-21.69,-19.46
76,-17.49,-18.46,-22.7,-12.49
77,-16.15,-18.47,-20.73,-7.04
78,-9.91,-15.57,-16.97,-6.49
79,-2.68,-13.61,-13.54,-4.36
80,4.01,-12.04,-7.47,2.72
81,-2.16,-14.07,-9.15,-0.74
82,-13.5,-11.51,-9.87,-9.57
83,-19.9,-5.97,-9.26,-16.53
84,-12.89,1.22,-6.98,-13.42
85,4.33,7.25,0.15,1.36
86,8.03,7.55,3.21,3.9
87,6.43,12.31,7.14,0.68
88,6.33,11.45,5.32,2.78
89,3.37,6.7,2.78,2.39
90,5.05,10.88,11.39,0.08
91,2.28,11.24,14.2,-3.16
92,-1.13,10.02,12.44,-6.21
93,-5.48,7.42,8.49,-15.08
94,-12.33,2.42,1.93,-14.2
95,-8.02,6.74,4.99,3.82
96,4.06,4.77,4.64,17.56
97,1.46,-8.67,-7.27,18.43
98,-21.13,-5.19,-10.82,-11.78
99,-27.3,20.74,2.14,-62.84
100,-19.32,26.47,2.46,-69.05
101,-18.92,7.89,-15.5,-2.67
102,-1.96,9.15,-19.54,62.09
103,14.2,36.75,-17.4,50.58
104,9.8,83.23,-6.64,-11.15
105,-6.59,92.34,2.74,-46.12
106,-22.93,-14.43,-28.28,0.68
107,-16.35,-113.76,-52.6,68.51
108,-22.74,-91.82,-26.32,77.91
109,-19.8,-7.52,24.05,71.04
110,19.44,8.14,41.13,56.0
111,40.41,-73.33,23.93,10.93
112,37.05,-62.94,27.72,-16.83
113,21.66,37.3,39.28,-16.36
114,9.08,88.39,35.34,-12.83
115,8.78,44.01,5.19,-8.51
116,14.02,5.28,-30.39,-2.09
117,27.45,56.72,-29.55,6.87
118,27.06,61.94,-22.78,9.68
119,5.58,11.85,-13.13,1.26
120,-0.76,3.3,19.83,-9.82
121,15.84,33.24,31.94,-15.9
122,33.72,65.6,17.53,-13.19
123,26.41,50.81,8.99,-9.53
124,0.02,9.52,-5.41,-4.49
125,-9.93,-9.97,-33.02,-2.47
126,13.39,6.92,-24.76,-3.19
127,60.75,55.54,51.65,14.45
128,86.24,64.89,109.6,29.76
129,70.19,16.91,70.36,27.63
130,32.73,-25.56,-21.3,18.47
131,8.18,-35.59,-76.3,3.69
132,6.74,-62.97,-56.93,-2.93
133,-15.94,-130.5,-1.19,-7.76
134,-35.38,-135.94,58.18,-13.89
135,-14.29,-70.37,66.52,-14.04
136,-1.32,-57.61,-2.89,-16.45
137,-10.57,-83.45,-73.36,-12.3
138,-17.5,-67.54,-84.59,-3.87
139,-23.07,-38.87,-33.94,-3.28
140,-36.26,-28.84,44.54,-2.63
141,-44.12,-17.29,79.94,-9.67
142,-33.95,0.85,41.25,-32.7
143,-29.8,6.09,-7.71,-53.61
144,-29.27,-5.11,-15.71,-48.1
145,-19.69,2.25,12.63,-24.41
146,-10.41,53.24,34.78,-3.76
147,3.82,99.31,17.64,14.42
148,8.09,91.14,-1.02,17.2
149,2.51,75.09,14.87,13.82
150,2.24,82.47,39.65,18.14
151,-0.78,77.14,32.55,14.36
152,-8.51,45.94,-0.59,5.38
153,-20.16,8.34,-28.18,-7.36
154,-20.49,-13.06,-25.64,-14.89
155,-13.29,-17.88,-13.63,-8.68
156,-10.94,-24.78,-11.54,-0.21
157,-0.69,-37.54,1.97,7.47
158,1.41,-51.09,-1.94,3.95
159,-6.91,-54.18,-41.02,-4.59
160,-11.35,-48.36,-71.13,-6.2
161,-14.27,-58.03,-59.33,-6.19
162,-6.21,-65.27,-6.14,0.15
163,0.41,-49.43,21.04,-2.58
164,-4.07,-38.25,-8.68,-18.04
165,-8.46,-36.38,-26.26,-22.18
166,-11.17,-22.69,-9.0,-10.3
167,-6.44,-2.41,3.76,-7.57
168,0.18,-6.1,-11.03,-18.91
169,0.71,-13.31,-19.8,2.94
170,6.06,17.01,-0.11,39.94
171,7.98,56.17,13.6,45.78
172,-0.49,49.38,1.02,28.24
173,-4.33,-15.93,-30.6,-11.0
174,4.0,-44.08,-47.62,-21.15
175,20.74,9.64,-11.56,18.13
176,24.82,45.52,45.14,33.83
177,11.36,38.62,50.93,25.23
178,3.74,35.83,14.38,28.6
179,9.89,21.93,-10.64,28.77
180,4.43,-9.75,-22.92,-2.93
181,-9.02,-36.18,-24.7,-55.61
182,-2.1,-54.07,-7.77,-59.04
183,12.8,-43.52,1.03,3.35
184,15.84,-26.4,-5.31,44.5
185,1.14,-35.2,-15.36,29.37
186,-15.58,-44.41,-18.56,2.76
187,-13.13,-71.77,-18.27,-8.97
188,-1.44,-96.98,-26.31,31.83
189,-0.8,-63.0,-19.03,90.42
190,-6.7,-35.47,-9.56,68.48
191,-2.82,-36.92,-12.76,13.22
192,7.04,-10.67,-3.2,-0.7
193,11.03,2.29,-4.27,-11.92
194,11.67,-1.2,-7.87,-12.77
195,8.23,16.73,12.43,0.16
196,4.55,27.88,21.03,-7.2
197,12.48,37.57,15.24,-10.21
198,11.83,34.92,8.38,-21.48
199,4.48,34.74,10.6,-39.41
200,6.9,62.26,23.11,-23.7
201,8.18,60.01,22.76,-1.76
202,5.83,32.75,17.98,-11.06
203,-2.56,27.61,10.5,-28.19
204,-2.88,30.73,2.5,-14.11
205,-1.61,13.76,12.79,-1.1
206,-15.15,0.1,28.21,-15.98
207,-15.22,16.11,36.68,-17.01
208,-1.86,32.85,30.88,-9.15
209,7.22,36.92,11.99,-10.56
210,12.52,43.7,7.65,-3.22
211,8.98,41.0,14.89,1.37
212,3.19,29.62,10.73,-6.18
213,6.06,34.37,7.24,-4.45
214,11.18,39.39,13.24,8.89
215,9.99,27.96,7.42,7.07
216,10.33,24.22,-1.89,-0.68
217,16.44,31.35,5.87,12.29
218,15.75,23.91,7.64,18.83
219,10.36,7.07,-5.24,2.72
220,3.58,-3.73,-12.66,-8.51
221,0.34,-6.74,-7.65,-0.78
222,8.91,-1.06,0.21,9.03
223,10.08,4.4,2.68,6.8
224,7.14,9.45,11.41,6.64
225,7.49,6.93,12.14,3.66
226,2.66,-3.78,-2.12,-4.95
227,0.1,-7.18,-2.09,0.35
228,-3.31,-11.97,0.13,2.37
229,-5.35,-19.36,-7.44,-6.8
230,-4.25,-21.91,-8.0,-10.89
231,-4.17,-19.71,-2.41,-9.02
232,-2.2,-13.72,-2.17,0.57
233,-7.8,-14.53,-11.24,6.3
234,-11.69,-15.66,-10.52,2.53
235,-6.07,-10.14,-1.37,-3.96
236,-4.47,-6.22,-1.94,-12.48
237,-7.87,-5.5,-3.24,-8.01
238,-16.11,-15.08,-8.53,3.3
239,-16.24,-23.3,-12.76,4.18
240,-10.78,-16.07,-6.6,1.4
241,-14.13,-10.07,-3.3,2.1
242,-11.12,-9.38,-0.98,6.19
243,-0.93,-6.59,1.52,7.38
244,4.76,-3.12,3.19,4.44
245,0.21,-3.16,1.27,-5.11
246,-11.18,-8.76,-9.04,-12.78
247,-12.98,-13.5,-12.62,-7.79
248,-10.05,-14.5,-10.54,-8.92
249,-1.6,-4.41,-1.73,-7.88
250,6.43,8.37,12.25,3.71
251,-4.1,2.09,8.75,3.7
252,-8.68,-5.48,1.13,-1.28
253,1.91,2.03,4.57,-2.39
254,10.35,12.83,14.85,4.81
255,11.07,15.52,20.91,15.82
256,10.56,13.36,17.18,17.89
257,14.86,16.08,17.18,16.72
258,13.54,16.49,16.19,7.6
259,10.08,9.56,10.51,1.84
260,7.85,1.86,6.9,9.86
261,2.12,-1.45,5.16,9.82
262,-1.84,-2.63,1.79,0.25
263,-6.73,-6.39,-6.47,-5.85
264,-6.56,-3.52,-5.8,-9.93
265,-2.51,2.18,-0.88,-14.38
266,-2.45,-0.17,-3.88,-3.8
267,-0.53,-3.01,-7.01,14.21
268,-3.68,-7.0,-16.13,8.92
269,-5.57,-7.71,-19.91,-3.8
270,-5.03,-3.91,-13.19,-10.32
271,-13.65,-6.76,-15.42,-20.59
272,-16.43,-8.05,-19.06,-19.83
273,-11.33,-4.99,-17.95,-15.7
274,-5.43,0.55,-12.01,-20.16
275,-0.2,9.81,-1.54,-11.3
276,-2.36,11.1,-0.11,6.33
277,-3.23,7.15,-3.59,10.07
278,-1.68,3.39,-6.68,3.83
279,0.52,0.11,-4.11,6.28
280,0.91,-0.01,5.24,8.4
281,-7.66,-0.75,6.52,-7.02
282,-9.94,2.17,6.22,-22.22
283,-5.98,2.47,4.05,-27.14
284,-1.94,0.4,1.62,-20.92
285,4.05,4.07,5.1,-4.23
286,9.97,4.22,4.4,11.91
287,16.92,2.8,1.6,23.71
288,12.28,1.41,-3.71,27.28
289,1.11,-3.4,-5.92,28.18
290,-0.24,-7.04,-4.64,22.87
291,3.83,-1.91,-4.14,7.39
292,7.14,8.01,3.96,-0.54
293,2.89,4.34,7.09,-5.53
294,-2.35,-6.21,3.41,-6.84
295,-5.62,-10.72,-0.03,-3.46
296,-12.28,-10.98,-6.3,-10.14
297,-11.82,-4.39,-8.98,-14.07
298,-9.72,1.45,-10.2,-11.27
299,-4.41,1.82,-3.3,-6.62
300,5.7,-1.22,7.98,-1.76
301,4.48,-2.02,8.55,-2.84
302,1.14,4.4,8.29,-1.26
303,-1.21,4.08,4.27,-0.35
304,-1.47,-0.62,-0.92,-1.3
305,3.77,-0.39,-1.16,0.79
306,2.9,-1.09,-5.16,0.69
307,1.92,2.52,-3.94,2.18
308,3.57,10.06,1.21,3.98
309,3.66,12.07,2.82,7.18
310,2.72,4.37,3.71,7.88
311,-0.91,-4.74,3.46,3.11
312,-1.99,-1.46,3.89,5.3
313,-5.38,0.82,-0.72,4.98
314,-8.26,-3.6,-5.8,-1.02
315,-2.51,-1.03,-2.1,-3.32
316,0.33,1.89,0.67,-5.24
317,-0.9,0.09,-0.43,-4.59
318,-1.7,-2.67,-2.95,-5.67
319,1.92,-2.49,-1.51,-6.9
320,5.07,0.35,1.22,-2.18
321,-1.79,-0.56,-1.14,2.27
322,-6.79,-4.84,-1.37,2.34
323,-5.42,-8.62,-2.6,-4.28
324,4.89,-0.98,1.3,-1.34
325,15.74,10.42,10.53,11.73
326,10.94,5.6,8.45,12.69
327,6.87,-0.29,4.01,9.56
328,5.66,1.47,0.89,3.74
329,2.19,1.44,-1.54,-1.6
330,-0.37,0.49,-0.87,3.48
331,-3.82,1.78,-2.36,8.67
332,0.88,8.0,-0.26,9.59
333,4.18,9.04,-0.05,-0.11
334,2.45,5.99,-0.27,-6.07
335,0.66,4.71,4.31,2.08
336,-3.67,-1.14,2.63,5.83
337,-0.62,-3.87,-1.52,2.09
338,1.73,-1.09,-2.08,-3.91
339,0.2,4.53,4.64,-6.54
340,-0.23,7.86,9.89,-9.67
341,-5.13,1.78,1.0,-14.08
342,-5.81,-0.3,-3.17,-8.61
343,-3.17,6.37,1.98,-4.02
344,-0.52,10.88,4.14,-2.95
345,1.5,5.73,1.31,1.5
346,-4.49,-5.81,-4.1,1.09
347,-7.95,-7.69,-4.07,-0.52
348,-2.62,-2.11,-1.15,2.01
349,5.73,1.19,4.09,7.73
350,7.13,0.08,5.54,5.23
351,-2.26,-6.53,-1.11,-6.15
352,-8.24,-9.01,-4.01,-10.3
353,-8.93,-7.87,-6.31,-9.96
354,-6.33,-8.39,-7.0,-3.93
355,-0.36,-6.39,-2.14,5.34
356,1.62,-3.5,1.0,8.11
357,0.48,-3.04,-0.48,7.42
358,-0.62,-5.35,-6.71,4.21
359,4.44,-2.2,-4.5,2.41
360,6.51,3.03,1.71,0.19
361,0.08,0.94,-1.55,-3.3
362,2.29,0.57,-1.87,0.62
363,6.45,0.84,-1.91,3.83
364,9.11,2.98,-0.02,5.53
365,11.2,7.83,6.37,6.75
366,3.71,4.46,3.41,2.58
367,-2.45,-1.27,-2.21,1.87
368,-4.71,-4.57,-6.01,-1.11
369,-5.99,-7.49,-8.95,-7.82
370,-0.11,-4.18,-5.32,-8.21
371,12.69,7.64,5.26,1.97
372,20.17,14.17,12.15,13.2
373,8.75,3.81,3.97,9.42
374,-5.6,-6.31,-3.78,2.42
375,-11.82,-8.53,-4.28,-2.38
376,-12.76,-9.05,-4.04,-7.15
377,-3.94,-3.68,0.97,-3.43
378,0.8,-1.35,1.2,3.06
379,2.51,-1.56,-0.2,7.04
380,5.43,0.51,0.77,2.2
381,1.96,0.01,-1.76,-4.62
382,0.79,0.2,-0.12,-0.12
383,-1.2,-3.53,-1.14,2.58
384,-2.54,-5.42,-2.5,2.74
385,-2.1,-2.72,-1.32,-2.35
386,-5.45,-5.65,-5.32,-14.86
387,-2.41,-4.45,-3.22,-13.69
388,1.58,-0.11,-0.27,-3.41
389,1.9,-1.93,-2.06,5.31
390,0.45,-5.38,-3.04,8.34
391,0.79,-4.04,-0.48,9.09
392,8.05,1.99,6.79,13.66
393,5.03,2.83,5.75,6.17
394,-2.33,3.73,4.35,-1.31
395,0.3,8.19,7.28,1.19
396,2.91,6.68,3.7,-0.05
397,3.18,3.97,2.2,-1.17
398,-3.9,0.49,-0.87,-6.99
399,-8.01,-0.55,-1.77,-9.67
