,ch1,ch2,ch3,ch4
0,0.89,-3.4,4.58,-4.06
1,-0.79,-4.09,0.9,4.22
2,0.53,-1.4,-1.8,13.42
3,0.79,3.67,0.96,9.63
4,0.07,4.66,3.15,-0.21
5,3.5,3.35,3.15,-4.37
6,1.17,1.75,-0.47,-4.52
7,-7.62,-2.26,-3.34,-8.54
8,-8.66,-4.67,-1.83,-15.93
9,-0.96,-2.48,0.75,-7.94
10,7.26,2.06,3.36,16.68
11,7.65,2.43,1.38,21.87
12,2.69,-2.57,-2.15,3.32
13,-0.71,-4.15,-2.37,-11.55
14,-3.81,-0.9,-2.47,-9.31
15,-4.12,2.53,-0.04,5.08
16,-1.94,2.95,1.18,5.8
17,0.19,1.57,-1.04,-9.35
18,2.76,3.66,0.16,-9.88
19,4.3,5.62,2.78,2.04
20,3.72,3.65,2.05,4.61
21,-0.81,0.3,-2.9,-0.72
22,-5.42,-2.44,-6.56,-8.81
23,-3.99,-1.09,-1.94,-7.27
24,-0.29,1.38,5.24,5.79
25,1.23,1.15,7.08,11.08
26,1.7,2.18,4.07,2.72
27,1.39,2.79,0.56,-2.84
28,-1.28,-0.19,-0.0,-0.73
29,-0.76,-0.48,2.91,-4.6
30,5.34,4.46,5.99,-4.96
31,5.4,5.75,3.61,2.38
32,1.04,0.97,-0.45,9.61
33,-1.92,-4.41,-3.99,17.87
34,-6.21,-7.7,-6.52,12.73
35,-7.23,-6.07,-3.02,-6.76
36,-9.72,-4.41,-2.77,-26.29
37,-12.03,-4.56,-3.63,-34.97
38,-5.08,-1.07,1.95,-24.05
39,1.91,0.94,3.18,-2.89
40,6.21,0.74,-0.05,10.91
41,11.88,3.38,-2.3,15.01
42,18.75,8.56,0.61,26.45
43,22.0,12.24,6.56,37.98
44,15.5,8.18,5.68,30.93
45,2.26,-1.32,-0.57,14.0
46,-9.67,-7.8,-5.47,-2.16
47,-11.4,-8.2,-3.35,-9.3
48,-6.71,-5.7,0.19,-10.08
49,-4.72,-4.28,-2.95,-14.96
50,-4.76,-3.38,-6.64,-19.11
51,-3.78,-2.16,-6.3,-13.6
52,-1.09,-1.02,-1.89,-3.66
53,0.34,-0.36,1.39,-4.02
54,0.19,-1.51,-0.02,-8.05
55,1.83,1.53,2.16,-1.55
56,3.0,7.19,4.81,0.33
57,0.54,3.21,0.86,-3.07
58,-3.01,-3.21,-1.42,1.82
59,-3.4,-1.85,1.23,3.37
60,-1.23,-0.46,1.94,-3.43
61,-2.12,-2.68,-2.52,-9.73
62,-5.37,-5.09,-6.6,-5.38
63,-7.62,-6.31,-4.91,2.83
64,-7.14,-3.47,-0.06,3.71
65,-3.77,0.57,3.49,6.36
66,-1.49,-0.17,3.54,5.93
67,-0.38,-3.17,2.12,-2.13
68,-0.08,-2.49,3.6,-5.79
69,0.96,2.72,5.99,-0.29
70,5.48,8.3,6.5,5.75
71,6.13,9.9,5.2,-1.11
72,3.01,7.4,4.33,-4.44
73,3.44,7.18,6.19,6.42
74,2.38,8.3,5.23,10.01
75,-1.1,6.17,1.3,4.97
76,-0.29,7.26,-0.27,-0.81
77,5.16,9.88,2.65,0.09
78,6.39,5.7,5.53,4.14
79,1.04,1.37,3.93,-1.38
80,-1.89,3.06,1.64,-2.42
81,-0.14,4.56,-1.25,9.01
82,4.66,4.79,-0.48,16.44
83,4.15,1.67,-0.15,7.96
84,-0.74,-3.25,-4.04,-2.89
85,1.68,-3.08,-3.46,-0.55
86,4.78,-1.2,-1.19,4.95
87,-0.14,0.4,0.97,3.11
88,-6.51,-1.32,-0.15,-2.71
89,-9.25,-8.63,-9.91,-10.4
90,-8.87,-12.81,-16.63,-12.37
91,-2.58,-7.07,-10.14,-3.59
92,3.35,-1.14,-2.78,1.63
93,-3.45,-5.76,-7.15,-1.75
94,-12.25,-14.5,-13.38,-6.39
95,-8.98,-17.66,-13.25,-13.9
96,-8.03,-13.26,-12.1,-23.46
97,-11.7,-9.35,-11.93,-23.18
98,-14.94,-11.02,-12.5,-20.55
99,-17.18,-10.25,-8.8,-23.94
100,-7.23,-4.72,-3.45,-17.64
101,3.8,-1.35,-5.12,-7.53
102,4.81,-2.31,-3.15,4.19
103,3.63,-6.36,1.48,21.98
104,0.29,-6.79,-0.28,10.47
105,-7.4,6.12,2.45,-16.99
106,-12.89,23.62,8.12,-11.16
107,-4.95,28.67,12.59,12.23
108,-3.53,27.88,17.38,5.61
109,-19.85,15.71,13.96,-13.1
110,-23.17,-16.8,7.19,-41.27
111,-24.61,-12.42,6.59,-78.4
112,-11.34,33.95,12.9,-40.27
113,13.89,64.43,17.67,35.25
114,-12.9,42.55,-5.05,70.65
115,-74.89,-11.83,-32.02,76.64
116,-84.13,-19.22,4.74,52.68
117,-18.27,33.81,52.51,22.1
118,10.54,36.19,13.18,23.99
119,31.89,0.24,-16.71,53.96
120,94.22,67.43,33.12,69.59
121,73.87,147.26,36.81,27.21
122,23.7,136.79,-22.76,-24.56
123,20.89,39.72,-45.82,-22.71
124,19.43,-82.93,-8.96,-6.59
125,26.32,-89.22,25.26,-11.99
126,32.64,-44.47,-11.82,-12.01
127,23.74,-81.32,-79.86,14.23
128,20.46,-111.06,-100.63,31.06
129,10.49,-71.25,-57.42,11.17
130,-0.88,-44.4,6.55,-7.36
131,25.49,-31.39,41.32,5.97
132,55.08,-6.6,38.07,13.82
133,26.03,-14.36,7.39,-2.86
134,-2.12,-38.33,6.8,-5.17
135,20.85,-32.61,43.81,6.02
136,30.11,-7.89,32.6,0.85
137,21.24,28.12,-24.63,-1.3
138,34.19,46.44,-42.98,7.54
139,42.89,-2.54,-16.91,3.29
140,26.87,-52.16,30.11,-5.25
141,17.66,-36.77,78.95,-0.4
142,11.05,-19.26,85.32,1.69
143,-15.48,-10.99,57.99,-11.62
144,-26.53,16.75,27.01,-17.84
145,-4.98,30.32,-19.35,-7.4
146,13.18,22.91,-50.31,-4.39
147,-0.59,32.47,-1.16,-14.39
148,-16.45,30.77,55.43,-19.47
149,-15.43,-11.43,36.26,-19.04
150,-23.23,-26.42,-13.37,-17.17
151,-31.45,3.36,-25.14,-10.29
152,-21.47,27.47,5.09,-3.03
153,-9.61,33.4,15.08,-7.25
154,-13.87,8.2,-4.04,-11.31
155,-17.2,-12.7,-3.56,-4.96
156,-17.84,26.99,13.55,-12.22
157,-17.89,77.84,23.76,-19.21
158,-6.36,91.5,35.25,-10.35
159,-0.99,92.36,35.29,-10.37
160,-5.81,85.98,8.38,-13.74
161,-11.62,54.26,-7.52,-10.36
162,-14.37,23.41,11.76,-2.58
163,-9.81,23.21,23.94,1.37
164,1.65,27.17,9.61,-8.19
165,11.56,9.55,-2.5,-8.97
166,-2.3,-27.19,-12.46,1.66
167,-22.32,-58.92,-27.43,10.73
168,-20.52,-53.7,-30.05,16.99
169,-19.73,-41.38,-27.81,-1.92
170,-16.15,-61.04,-41.96,-25.53
171,0.19,-94.41,-55.84,-15.92
172,-1.49,-98.39,-36.82,-2.83
173,-19.87,-58.4,-1.63,-8.64
174,-25.91,-45.28,4.6,-9.63
175,-15.8,-61.66,-8.81,2.64
176,-5.12,-31.35,-16.6,40.57
177,8.97,-10.81,-21.13,87.79
178,6.68,-59.81,-27.71,70.34
179,-17.49,-95.07,-35.21,19.61
180,-12.75,-39.38,-22.89,-19.83
181,2.4,17.52,-5.44,-59.79
182,5.64,0.06,-10.28,-26.57
183,4.36,-31.79,-16.8,41.74
184,-29.33,-61.51,-32.79,38.04
185,-43.63,-51.13,-52.84,1.68
186,-7.23,-24.99,-37.25,-5.32
187,0.48,-51.94,-14.93,29.29
188,-19.48,-66.15,-18.01,35.11
189,-19.15,-60.8,-35.41,-16.66
190,-12.6,-54.11,-26.87,-33.73
191,-0.39,-25.47,21.93,-8.57
192,12.78,9.4,34.3,-3.51
193,13.2,29.61,-9.8,-19.25
194,29.59,33.18,-46.67,-8.5
195,42.35,25.99,-27.22,32.09
196,19.91,15.3,19.99,39.41
197,8.44,38.91,29.41,17.75
198,21.76,78.13,23.75,3.34
199,14.91,68.52,22.18,-15.87
200,-6.67,46.77,21.36,-31.58
201,-6.08,62.28,27.88,-31.65
202,4.41,61.5,21.53,-27.53
203,5.09,31.74,14.87,-28.92
204,8.51,30.12,20.06,-30.96
205,10.77,47.05,22.77,-18.79
206,4.78,44.94,25.88,1.59
207,8.58,36.19,31.81,8.97
208,15.72,33.15,19.94,-3.79
209,12.89,31.7,5.38,-9.74
210,10.83,35.45,21.77,5.16
211,10.18,33.65,31.26,8.17
212,9.74,19.44,11.12,0.92
213,16.64,10.79,-5.62,-0.45
214,20.98,20.52,0.48,0.0
215,10.02,21.0,21.39,1.71
216,0.95,2.17,27.17,0.11
217,8.41,-0.85,8.71,3.73
218,13.71,15.01,0.29,13.05
219,10.8,22.36,6.58,13.91
220,6.08,5.36,-1.81,3.85
221,2.63,-3.14,-6.21,-5.09
222,6.76,13.94,8.94,-1.31
223,9.34,18.39,13.78,2.09
224,3.81,6.54,5.69,-0.96
225,-0.47,4.63,7.28,5.0
226,-3.45,1.99,7.54,9.02
227,-3.53,-13.77,-2.11,4.08
228,-0.28,-16.65,-3.25,8.63
229,-0.86,-6.57,1.88,18.32
230,2.54,-5.9,1.77,19.46
231,4.5,-10.18,-2.55,14.52
232,-1.47,-8.96,-3.6,5.63
233,-4.22,-7.06,-4.45,-7.19
234,-5.14,-11.5,-13.04,-10.85
235,-2.78,-11.61,-13.64,1.48
236,-0.6,-7.2,-7.84,14.17
237,-6.32,-10.32,-9.88,16.63
238,-9.27,-11.49,-10.89,9.76
239,-4.49,-4.48,-6.19,-2.59
240,-3.31,-2.41,-2.19,-7.5
241,-6.53,-6.79,-1.91,-3.62
242,-1.86,-7.64,-1.83,-8.17
243,-1.61,-9.08,-8.82,-19.29
244,-11.38,-9.72,-17.19,-12.5
245,-16.09,-4.13,-12.41,4.33
246,-16.77,-1.72,-8.33,3.97
247,-8.78,0.95,-7.14,-1.38
248,-2.3,5.79,0.26,1.41
249,-13.98,-0.47,1.47,1.35
250,-16.62,-6.04,-1.81,-4.2
251,-7.07,-0.1,-1.1,-4.99
252,-11.94,-1.44,-3.53,1.72
253,-20.21,-13.96,-8.25,-2.09
254,-15.7,-16.88,-5.73,-14.98
255,-8.48,-7.76,2.5,-12.07
256,-8.55,-3.88,5.96,-1.06
257,-8.38,-5.56,7.31,-4.4
258,-8.08,-7.63,6.95,-18.69
259,-11.54,-8.84,0.74,-28.01
260,-13.09,-6.78,-2.92,-21.32
261,-14.41,-3.91,-1.85,-13.7
262,-12.3,0.4,2.55,-12.94
263,-4.15,2.4,8.11,-5.14
264,1.64,1.92,10.0,-0.2
265,2.09,3.46,8.47,2.01
266,0.1,2.91,2.39,11.73
267,1.3,2.23,0.07,18.25
268,4.98,2.74,2.97,14.12
269,9.0,3.16,3.28,9.21
270,12.21,5.15,2.44,8.19
271,9.28,4.87,-2.36,0.52
272,10.05,4.35,-6.81,-6.4
273,17.81,7.3,-4.74,-1.91
274,19.09,7.77,1.18,4.95
275,18.27,6.96,9.54,10.43
276,16.57,7.44,10.54,13.28
277,10.12,5.14,1.15,10.8
278,4.33,-0.61,-10.95,7.66
279,5.3,-0.81,-11.74,8.39
280,14.53,7.16,1.88,10.11
281,13.81,4.02,4.51,5.75
282,6.72,-8.81,-2.5,2.45
283,7.12,-12.61,0.57,5.97
284,4.14,-10.24,6.76,8.19
285,-3.99,-9.92,2.76,4.41
286,-6.7,-7.03,-3.78,-3.06
287,3.87,3.08,1.61,-2.55
288,11.55,5.95,2.52,3.89
289,5.51,-1.41,-6.0,4.2
290,1.77,-3.58,-5.29,3.91
291,2.48,-3.38,-3.51,7.59
292,7.79,-0.11,-1.58,11.36
293,8.47,2.62,1.73,7.26
294,-5.61,-6.37,-2.72,-3.18
295,-12.05,-12.0,-5.86,-9.55
296,-4.35,-7.32,-6.89,-15.22
297,2.1,-2.61,-9.15,-17.47
298,-1.33,-1.37,-8.62,-6.87
299,-4.19,1.73,-1.16,2.84
300,1.69,5.09,10.13,-0.41
301,-2.28,-3.49,7.7,-2.96
302,-11.6,-11.64,-2.95,3.1
303,-10.48,-5.7,-3.1,9.13
304,-9.62,0.19,0.99,4.16
305,-11.05,-0.07,-0.86,-8.31
306,-7.82,-1.78,-7.31,-14.51
307,-4.45,-2.05,-7.71,-10.38
308,-3.72,0.38,-1.86,-3.38
309,-4.05,-1.91,-1.79,-6.91
310,-8.97,-8.31,-5.0,-17.69
311,-11.4,-5.76,-3.59,-18.63
312,0.41,3.66,3.96,-2.82
313,7.0,6.42,7.66,11.32
314,-2.33,4.15,1.54,4.59
315,-9.95,1.34,-3.4,-9.38
316,-9.57,-5.08,-4.53,-9.86
317,0.84,-8.71,-1.4,4.77
318,9.39,-6.06,4.78,13.38
319,1.83,-5.37,4.77,3.08
320,-5.54,-7.74,-0.32,-5.35
321,-4.67,-9.89,-6.96,-4.01
322,-6.9,-9.28,-9.93,-0.22
323,-8.46,-2.61,-5.14,9.01
324,-3.59,1.61,-0.35,7.5
325,3.8,1.43,0.52,-8.83
326,4.33,4.16,-2.06,-13.07
327,-1.28,4.08,-3.46,-1.36
328,4.36,3.79,0.73,6.65
329,19.02,8.14,6.42,9.71
330,21.97,8.95,11.3,12.95
331,8.64,2.32,9.34,3.45
332,-2.83,0.41,3.04,-15.19
333,-3.55,7.78,4.85,-13.0
334,0.95,8.72,10.12,13.92
335,3.07,3.37,9.02,23.13
336,-7.81,-2.35,2.8,-0.74
337,-18.2,-7.23,0.99,-22.79
338,-9.3,0.25,5.73,-27.77
339,7.08,14.14,9.9,-21.66
340,12.58,12.97,7.82,-6.61
341,6.22,3.65,1.46,10.27
342,6.07,-0.48,-0.79,26.48
343,11.66,-1.69,-0.41,32.35
344,11.53,2.43,-0.79,25.17
345,7.18,5.85,-3.7,19.37
346,-3.44,2.45,-7.77,9.92
347,-9.44,1.5,-5.75,-7.78
348,-8.52,3.2,-5.71,-17.36
349,-4.81,0.4,-11.36,-9.32
350,-1.02,0.5,-8.89,-3.44
351,-7.58,1.39,-2.26,-9.97
352,-10.72,-0.74,1.96,-14.59
353,-1.86,3.17,1.13,-10.15
354,5.11,2.24,-6.14,-2.36
355,0.43,-1.92,-6.58,-4.67
356,-6.68,5.2,1.39,-7.46
357,-6.0,11.51,10.82,-2.34
358,-7.68,3.64,11.81,-1.15
359,-9.7,-7.58,10.05,3.1
360,3.38,-2.48,18.6,8.17
361,17.1,6.64,19.02,1.03
362,7.71,4.42,4.58,-1.96
363,-12.37,-1.94,-9.66,1.73
364,-17.18,-7.54,-13.21,-3.56
365,-14.07,-14.77,-10.67,-5.85
366,-18.49,-17.73,-8.55,-4.46
367,-10.12,-3.19,0.24,-9.24
368,7.07,10.13,7.34,-10.12
369,-0.11,0.48,3.48,-3.97
370,-33.1,-26.21,-15.96,0.08
371,-47.36,-32.78,-33.12,-8.27
372,-6.3,0.35,-17.2,-18.29
373,29.57,18.79,6.79,-13.74
374,10.41,1.05,8.86,-1.62
375,-11.34,-11.4,4.9,8.83
376,-11.36,-7.13,7.37,5.82
377,-0.81,4.87,11.11,0.94
378,28.31,27.34,15.3,15.32
379,65.28,51.03,10.47,34.53
380,74.27,48.98,-1.34,43.36
381,41.17,24.86,3.15,33.91
382,16.06,19.27,20.12,18.22
383,20.09,27.09,24.08,10.59
384,17.1,8.9,14.23,4.23
385,2.89,-16.69,9.9,3.14
386,-4.61,-13.93,0.12,3.32
387,-0.08,4.47,-11.62,2.73
388,1.29,5.14,-2.19,9.57
389,-9.1,-13.18,5.93,12.78
390,-17.18,-17.65,1.45,1.45
391,-13.68,-9.0,-5.58,-9.91
392,-5.56,-10.71,-11.58,-8.58
393,-9.31,-17.16,-17.42,-8.07
394,-22.11,-18.99,-26.22,-15.68
395,-21.21,-15.67,-22.77,-20.13
396,-8.46,-7.53,-3.71,-12.05
397,-3.69,-0.33,6.75,-1.0
398,-3.34,5.02,-4.36,-3.79
399,-5.92,1.44,-11.91,-11.87
