,ch1,ch2,ch3,ch4
0,-7.17,-2.09,-4.24,-0.75
1,-1.83,0.58,-0.49,8.17
2,7.1,2.0,8.64,11.82
3,4.79,1.21,8.17,1.45
4,-1.48,0.9,5.86,-14.91
5,-6.29,-0.42,2.57,-25.58
6,-2.12,3.13,4.44,-19.06
7,0.05,3.94,3.17,-10.55
8,-0.97,0.98,-4.62,1.26
9,4.95,2.48,-6.09,19.37
10,6.76,3.42,-5.99,23.55
11,10.91,6.34,0.3,25.03
12,13.9,7.79,8.34,24.81
13,9.82,5.77,10.31,14.89
14,7.44,4.59,10.62,6.1
15,-2.3,-1.56,2.6,0.83
16,-10.02,-6.15,-5.03,-5.08
17,-7.42,-6.26,-5.23,-19.43
18,-4.75,-5.93,-3.55,-28.72
19,-4.38,-4.31,-1.87,-17.17
20,-5.67,-3.32,-2.38,-1.5
21,-1.99,1.17,0.09,5.73
22,-1.75,1.76,-0.09,-1.34
23,-4.5,-1.19,-0.82,-7.5
24,-0.5,2.45,3.35,0.1
25,-3.54,0.87,-0.46,-1.07
26,-9.46,-4.61,-4.45,-8.14
27,-6.72,-4.76,-1.91,-8.57
28,2.67,0.2,3.14,-3.68
29,9.05,5.78,6.82,3.91
30,0.61,-0.14,-0.61,0.34
31,-7.47,-7.81,-6.96,-7.87
32,-5.3,-5.57,-5.2,-8.6
33,-0.97,-1.59,-2.15,-5.41
34,-3.64,-4.38,-4.0,-0.76
35,-15.88,-12.8,-14.05,0.74
36,-13.5,-10.76,-13.87,1.43
37,-0.05,-2.15,-5.52,-1.57
38,3.76,0.13,-1.65,-3.76
39,2.62,0.53,2.81,2.14
40,1.53,1.68,5.58,4.17
41,4.6,5.61,7.59,2.53
42,4.69,6.46,6.44,-0.8
43,4.01,4.83,4.96,0.67
44,8.61,7.97,8.45,10.86
45,7.12,8.07,7.54,11.9
46,4.24,5.58,5.25,4.96
47,2.73,3.82,2.96,-1.14
48,1.88,2.38,0.91,-0.36
49,0.58,0.9,0.87,4.6
50,-6.76,-3.63,-4.02,2.41
51,-6.51,-1.49,-4.08,6.72
52,-2.05,1.67,-2.7,12.29
53,0.33,-2.69,-6.25,7.11
54,3.41,-3.53,-4.57,1.46
55,0.72,-2.45,-4.51,-6.7
56,-2.82,-2.61,-7.4,-11.02
57,-7.13,-3.57,-8.64,-7.69
58,-4.33,-1.26,-0.66,-6.36
59,4.58,2.54,11.59,-7.19
60,2.63,-1.15,8.41,-4.16
61,0.91,-3.64,0.83,4.21
62,3.11,-1.58,-1.71,8.79
63,1.11,-0.13,-2.52,5.27
64,1.02,1.37,1.11,1.87
65,3.24,2.24,3.8,5.45
66,0.98,0.39,1.49,5.53
67,-3.02,-3.17,-2.06,-1.03
68,0.98,-1.77,0.15,-7.89
69,2.8,0.59,3.07,-12.28
70,-4.39,-1.62,1.55,-3.48
71,-1.85,1.52,5.2,11.22
72,5.55,6.42,7.06,10.4
73,4.53,4.89,2.74,-2.64
74,-0.05,1.84,0.89,-12.05
75,-4.91,-1.74,0.1,-9.06
76,-4.44,-4.25,-0.48,4.67
77,-4.37,-6.92,-4.25,6.73
78,-5.94,-7.53,-6.78,-3.47
79,-1.21,-1.07,-1.94,-5.47
80,-0.21,2.34,0.49,-4.75
81,-6.97,-2.03,-3.76,-5.55
82,-14.53,-7.57,-10.92,-6.36
83,-9.91,-8.12,-10.8,-6.73
84,1.64,-5.5,-3.99,-7.13
85,-2.61,-4.82,-3.76,-11.48
86,-8.82,-3.22,-5.08,-9.13
87,-4.16,-3.86,-4.55,1.5
88,-1.25,-7.1,-5.12,5.42
89,-2.47,-4.61,-4.32,-1.99
90,0.89,2.79,0.74,-7.75
91,6.06,8.38,8.25,-12.47
92,3.16,10.3,4.78,-14.87
93,-2.68,17.82,0.21,-0.97
94,-16.69,38.09,11.38,-5.88
95,-25.72,30.73,19.17,-21.45
96,-14.01,16.19,22.48,6.4
97,-32.37,33.08,17.81,-4.55
98,-47.69,32.66,5.36,-62.22
99,-24.78,25.12,5.34,-98.35
100,-19.55,12.96,6.09,-74.88
101,-23.38,40.16,1.73,38.81
102,-48.28,153.57,0.2,74.99
103,-51.98,106.24,0.15,32.66
104,-5.53,-61.1,-7.47,49.19
105,8.43,-36.25,-43.49,52.91
106,17.82,65.6,-48.07,26.72
107,50.66,115.29,45.26,37.03
108,56.99,81.75,103.08,80.13
109,42.85,-52.76,33.84,91.62
110,41.35,-98.09,-62.77,38.78
111,43.31,-10.75,-81.63,-7.42
112,27.25,30.44,-23.63,-16.26
113,19.23,-4.05,17.7,-22.27
114,26.79,-63.93,-5.29,-17.05
115,22.85,-76.91,-36.72,-6.35
116,6.02,-31.67,-42.96,-2.38
117,-22.13,-45.78,-54.35,-6.14
118,-16.41,-65.72,-40.93,-12.93
119,34.25,-10.92,4.27,-2.96
120,50.78,36.53,16.0,9.38
121,24.82,28.65,-3.53,-0.26
122,15.42,-3.3,-7.9,-6.9
123,29.01,-27.85,9.15,3.53
124,24.22,-58.76,23.38,2.89
125,6.28,-92.91,27.36,-4.02
126,-0.88,-72.04,34.6,-1.32
127,7.19,-20.75,42.74,-1.74
128,32.01,-24.79,28.29,-2.47
129,36.58,-60.51,9.96,8.12
130,13.33,-38.5,28.07,6.63
131,3.57,-0.47,40.1,-16.22
132,0.62,-16.11,18.09,-16.04
133,-10.8,-42.08,17.32,6.2
134,-9.54,-57.71,34.92,2.43
135,-5.64,-67.0,19.78,-12.14
136,-17.14,-53.28,-23.62,-15.14
137,-37.1,-32.27,-42.86,-26.06
138,-50.55,-42.34,-16.02,-28.78
139,-39.37,-54.12,1.45,-16.44
140,-13.22,2.89,-11.36,-32.56
141,-0.57,66.33,-13.63,-47.14
142,-8.5,63.55,2.53,-4.42
143,-19.75,56.8,22.45,31.42
144,-15.16,86.17,31.43,4.66
145,1.04,105.01,22.91,-23.6
146,9.47,90.45,-1.95,-11.68
147,9.43,72.77,-17.69,5.56
148,14.67,51.77,19.12,3.93
149,14.22,33.36,53.67,-4.01
150,-7.12,26.93,17.17,13.95
151,-16.56,14.55,-22.1,55.09
152,-5.78,3.55,-19.98,53.4
153,-8.37,-18.62,-20.43,0.48
154,-15.05,-40.15,-30.3,-31.53
155,-8.01,-39.61,-24.16,-47.04
156,-6.91,-37.61,0.53,-48.25
157,-21.79,-31.66,-1.93,-9.05
158,-24.61,-51.19,-40.82,12.86
159,-10.19,-76.1,-61.62,-2.0
160,4.5,-37.2,-43.83,-0.87
161,12.59,-4.57,-8.12,27.78
162,10.88,-12.22,12.96,29.59
163,-1.06,-17.66,8.91,14.88
164,-17.46,-31.86,-4.19,32.23
165,-12.08,9.07,-4.46,32.97
166,1.23,57.74,10.15,1.92
167,-4.96,-20.41,2.99,7.95
168,-1.9,-107.33,-23.86,32.73
169,5.18,-79.16,-31.58,17.81
170,-2.58,9.56,-23.33,-34.85
171,-11.72,75.27,-12.82,-53.95
172,-28.27,4.72,-12.61,22.69
173,-24.9,-111.24,-28.21,70.32
174,-5.68,-82.57,-37.03,-0.19
175,-3.21,-8.28,-17.92,-54.76
176,4.65,18.84,11.53,-8.33
177,9.45,7.25,12.76,27.88
178,6.56,-22.53,5.36,-4.79
179,10.82,-6.72,14.83,-7.27
180,25.42,18.17,-2.65,12.21
181,38.76,26.32,-26.41,-0.25
182,16.69,37.75,10.24,-4.29
183,-2.75,27.56,59.65,1.61
184,15.53,22.94,56.28,-5.02
185,26.98,37.22,29.01,-13.6
186,18.33,42.7,22.41,-11.92
187,5.35,38.41,25.74,-12.18
188,1.09,23.0,18.96,-10.57
189,1.86,3.78,4.69,2.28
190,0.35,-1.78,3.26,7.43
191,13.07,12.25,8.79,0.21
192,23.96,24.11,-0.47,-12.55
193,16.4,21.7,6.3,-8.85
194,5.28,6.36,23.28,7.96
195,-1.56,-11.25,15.29,3.12
196,3.86,-4.04,2.39,-9.99
197,12.67,21.91,1.06,-2.49
198,10.27,28.53,3.15,9.94
199,2.86,15.65,-1.9,-6.74
200,-3.96,14.5,-11.89,-24.42
201,-4.9,18.15,-7.17,4.03
202,-0.12,13.1,4.17,31.42
203,9.32,22.73,11.46,24.96
204,15.97,40.53,17.51,14.68
205,9.71,36.38,11.07,7.13
206,9.59,25.45,3.6,12.35
207,14.39,27.2,8.7,24.57
208,9.05,29.3,12.12,16.76
209,0.97,19.01,-0.32,-3.33
210,-5.65,9.01,-14.26,-8.36
211,-8.32,7.94,-10.65,0.0
212,-7.31,1.89,-4.58,-3.09
213,-7.74,-6.52,-9.53,-13.95
214,-8.97,-3.65,-10.02,-14.41
215,-8.76,-1.57,-6.08,-15.25
216,-5.6,-10.48,-6.33,-20.14
217,-3.58,-17.88,-5.94,-12.17
218,-9.35,-20.85,-6.86,-1.23
219,-13.88,-25.22,-9.23,-3.61
220,-11.5,-26.52,-8.43,-12.7
221,-12.55,-24.29,-6.06,-9.81
222,-15.53,-24.15,-8.01,10.1
223,-8.87,-18.69,-3.82,20.49
224,-1.77,-7.25,5.97,9.18
225,-4.0,-0.8,2.84,-6.11
226,-3.43,1.87,-2.24,-5.85
227,-0.77,1.19,0.57,2.46
228,-3.37,-2.16,1.92,-0.99
229,-1.94,1.06,1.36,-5.78
230,3.83,8.52,5.36,-3.29
231,6.75,12.59,11.65,11.85
232,5.38,13.45,8.24,25.63
233,3.37,12.0,2.29,10.28
234,2.47,8.03,3.51,-5.89
235,-3.56,3.1,0.89,-1.29
236,-6.62,3.9,-3.07,7.54
237,-2.84,7.42,-1.18,6.13
238,0.46,7.23,0.95,-6.74
239,1.7,6.24,0.34,-8.82
240,-2.4,0.71,-2.84,2.89
241,-7.09,-7.39,-8.29,7.85
242,-9.27,-9.21,-13.78,-0.1
243,-6.4,-4.88,-9.63,-6.56
244,-2.89,-3.85,-4.57,-8.96
245,-6.47,-8.09,-12.29,-17.64
246,-3.84,-5.88,-12.93,-19.93
247,0.54,-3.7,-3.47,-7.28
248,-5.26,-7.47,-1.16,3.91
249,-7.95,-6.34,-1.84,-2.63
250,-3.0,-4.96,-0.38,-7.45
251,1.36,-7.16,1.2,8.07
252,-1.12,-7.76,0.48,16.4
253,-5.24,-8.67,0.12,8.11
254,-2.2,-8.36,4.27,-0.34
255,3.32,-1.64,7.38,-4.89
256,10.11,6.72,8.7,3.01
257,11.07,4.85,8.82,11.18
258,2.21,-2.53,7.46,1.41
259,-2.33,-4.61,8.2,-13.1
260,-3.65,-5.55,6.96,-14.24
261,-6.39,-7.77,0.38,-2.16
262,-5.71,-7.6,-4.47,6.01
263,-0.14,-5.31,-2.18,5.63
264,3.79,-2.92,0.23,-0.84
265,0.72,0.59,1.0,-7.7
266,-0.95,4.04,2.67,-1.54
267,-0.42,4.06,-0.76,9.16
268,-0.09,7.71,-3.43,6.54
269,3.71,13.66,-1.78,-5.2
270,2.21,5.21,-3.94,-21.29
271,-7.96,-9.35,-6.49,-27.43
272,-12.4,-7.98,-5.45,-10.12
273,-3.83,7.47,-0.07,9.89
274,3.48,18.65,5.18,18.57
275,0.86,15.62,2.89,14.28
276,-1.07,3.64,-0.78,7.28
277,-0.8,-7.87,-2.0,6.97
278,-2.37,-9.64,-4.4,1.94
279,-5.17,-6.06,-9.18,-8.77
280,-8.65,-7.36,-13.28,-13.68
281,-0.4,0.21,-5.93,-13.19
282,13.92,15.16,6.92,-8.93
283,14.52,12.09,9.83,4.7
284,9.3,-0.95,7.92,16.06
285,7.96,-2.45,7.06,15.29
286,8.05,4.43,6.02,6.39
287,3.4,4.16,1.58,-4.08
288,-1.65,-0.75,-1.58,-1.12
289,-3.66,-1.7,-0.34,7.58
290,-7.15,-1.9,-1.49,-5.76
291,-4.95,-5.03,-1.31,-20.57
292,-3.92,-12.25,-1.62,-11.09
293,-3.32,-8.0,-0.97,5.88
294,8.67,12.03,7.8,20.27
295,15.72,21.77,12.58,20.69
296,8.14,11.65,6.24,5.39
297,-3.69,-3.73,-3.78,-7.59
298,-7.05,-8.6,-7.94,-8.18
299,-2.07,-2.83,-6.29,-4.47
300,0.84,1.93,-2.88,-1.21
301,2.96,5.42,4.87,9.94
302,-0.8,3.75,6.45,7.47
303,-11.93,-4.57,-0.18,-18.68
304,-15.82,-5.98,-1.2,-30.21
305,-8.52,0.54,2.33,-15.55
306,-0.37,0.33,2.23,-2.1
307,0.6,-8.79,-4.08,0.26
308,1.99,-8.92,-7.3,2.09
309,6.71,0.03,-3.01,13.59
310,10.49,4.36,1.37,32.25
311,14.1,6.17,4.3,39.93
312,10.18,4.21,2.81,24.78
313,2.61,-2.09,-0.75,5.22
314,1.14,-4.44,-1.31,-5.6
315,0.74,-2.46,-1.52,-15.75
316,0.23,0.54,-0.55,-20.25
317,-4.25,-2.26,-5.02,-20.37
318,-9.55,-8.5,-11.6,-20.01
319,-6.22,-8.1,-8.27,-13.18
320,-2.32,-6.41,-3.23,-0.28
321,-0.05,-5.09,-1.16,13.32
322,2.86,1.1,-0.04,16.8
323,2.65,5.77,1.63,10.43
324,-0.68,2.22,0.1,-1.25
325,-3.06,-3.41,-5.69,-14.64
326,1.82,-2.1,-2.23,-11.17
327,5.22,0.14,3.07,1.13
328,4.9,2.51,3.45,2.63
329,6.47,6.86,5.21,0.84
330,0.69,2.5,3.06,0.37
331,-3.68,-0.92,2.25,0.53
332,2.36,3.92,3.5,-0.08
333,5.08,4.67,2.84,3.89
334,1.29,0.06,3.81,11.83
335,-1.43,-1.59,3.49,7.75
336,-1.87,1.29,2.26,-4.57
337,-1.43,3.04,0.76,-10.83
338,-1.06,3.62,-0.51,-7.7
339,-4.48,2.65,-0.6,-0.93
340,-7.0,-0.08,0.59,3.36
341,-0.13,0.38,3.19,6.18
342,5.34,1.02,1.14,6.33
343,2.85,-1.67,-0.93,6.28
344,0.63,-4.42,0.83,3.13
345,1.47,-5.13,0.43,-1.11
346,5.55,-3.3,0.42,7.33
347,5.7,-4.01,-1.81,11.09
348,-4.64,-9.98,-8.54,2.73
349,-14.35,-13.29,-12.26,-0.99
350,-13.96,-10.59,-11.0,-3.66
351,-10.72,-9.84,-9.9,-1.65
352,-12.61,-13.36,-12.25,2.64
353,-7.76,-7.84,-6.47,4.28
354,4.0,4.35,5.42,5.49
355,5.89,8.0,7.07,-1.41
356,7.79,9.84,9.31,-2.38
357,11.68,13.6,15.18,2.63
358,11.46,16.85,18.83,2.5
359,9.77,19.77,22.5,-0.45
360,3.48,16.57,19.75,-1.26
361,4.74,13.98,17.81,11.26
362,12.92,15.98,19.3,14.17
363,13.86,14.62,14.58,0.48
364,10.25,9.82,6.12,-1.34
365,-0.68,2.64,-4.35,-1.21
366,-12.76,-3.75,-10.53,-11.07
367,-11.82,-3.21,-7.76,-18.83
368,-3.05,2.44,-1.59,-14.95
369,-0.99,3.32,-1.96,-3.01
370,-10.55,-2.83,-14.14,-2.45
371,-12.69,-2.14,-16.59,-8.13
372,-7.75,0.89,-8.11,-9.61
373,-11.44,-2.23,-7.34,-11.82
374,-15.38,-3.87,-9.13,-10.29
375,-11.46,-5.34,-9.88,-10.59
376,-3.1,-3.84,-8.08,-18.46
377,-3.31,-0.66,-6.49,-21.95
378,-5.9,1.05,-3.38,-6.77
379,-2.74,2.11,0.66,9.64
380,-4.36,-0.92,-3.11,6.91
381,-1.86,-0.1,-1.06,2.51
382,0.81,0.58,2.9,3.84
383,-3.37,-2.75,-1.2,6.36
384,-0.87,-0.34,-0.71,9.42
385,3.28,0.09,0.7,11.46
386,6.25,-0.68,1.47,17.94
387,6.12,1.64,0.26,12.2
388,4.47,2.3,-0.04,-0.45
389,7.58,1.8,5.08,1.3
390,3.15,-4.85,1.67,-3.79
391,0.57,-8.12,0.87,-8.32
392,3.91,-6.07,3.53,3.07
393,2.63,-8.15,-1.14,12.26
394,1.72,-8.41,-2.08,8.4
395,-1.67,-9.26,-2.39,-1.87
396,0.74,-8.17,-0.53,-1.56
397,5.87,-4.77,1.61,0.15
398,1.67,-5.25,-2.54,-6.28
399,-0.39,-5.11,-4.83,-9.88
