,ch1,ch2,ch3,ch4
0,-7.55,-6.67,5.25,-5.76
1,-8.95,-5.89,0.18,-13.89
2,-11.43,-5.82,-5.41,-16.81
3,-8.03,-3.55,-4.0,-10.03
4,-0.88,1.49,-0.05,-0.42
5,7.69,10.04,6.63,6.24
6,8.63,13.5,8.29,0.7
7,6.53,13.48,7.25,-4.52
8,11.53,15.45,9.19,2.37
9,18.4,15.12,10.29,10.19
10,19.26,11.42,11.85,14.05
11,14.32,5.79,11.63,12.63
12,13.02,4.66,10.1,9.7
13,12.05,7.46,8.34,8.33
14,5.83,7.67,5.58,1.74
15,6.64,13.02,7.67,1.01
16,14.24,21.27,12.72,13.18
17,17.54,22.34,14.29,20.9
18,10.65,13.24,7.54,12.68
19,2.12,1.13,0.85,4.0
20,0.64,-1.9,1.6,5.77
21,-3.13,-1.13,-1.4,0.82
22,-7.33,-3.49,-6.74,-12.5
23,-4.26,-3.94,-6.32,-15.49
24,4.14,2.34,0.25,-2.6
25,11.29,7.56,6.3,12.04
26,10.5,4.88,3.66,17.15
27,5.2,0.9,-0.18,15.02
28,-4.56,-5.54,-4.16,6.61
29,-11.64,-11.96,-8.81,-4.28
30,-6.69,-10.43,-7.46,-7.24
31,-2.3,-9.48,-6.51,4.14
32,-1.0,-11.56,-7.1,13.01
33,0.31,-8.6,-5.17,4.13
34,1.23,1.3,-0.25,-3.55
35,1.79,6.68,1.45,-1.93
36,-3.09,-0.06,-3.78,-2.48
37,-3.39,-2.39,-3.25,-2.59
38,1.67,2.19,0.9,-3.41
39,0.33,1.39,0.24,-7.64
40,-6.04,-3.44,-0.04,-5.4
41,-9.22,-7.32,0.47,-0.3
42,-2.95,-4.7,1.58,0.2
43,-0.12,-2.38,1.26,-1.41
44,-5.09,-5.62,0.04,-1.27
45,-4.95,-5.2,1.26,1.09
46,-3.76,-4.49,-0.99,-1.15
47,-7.4,-9.44,-4.84,-6.96
48,-18.02,-17.19,-9.29,-16.74
49,-25.32,-20.0,-11.59,-22.84
50,-22.59,-17.42,-7.52,-16.47
51,-21.14,-18.86,-8.04,-10.64
52,-16.77,-17.79,-8.94,-8.61
53,-11.68,-9.86,-6.75,-9.83
54,-7.71,-2.77,-5.52,-8.59
55,-0.03,1.11,-0.19,0.56
56,1.35,0.87,4.29,6.19
57,-0.5,0.58,5.91,7.2
58,-1.14,0.01,3.89,-1.19
59,-2.98,-2.34,-0.98,-8.39
60,-3.89,-2.51,-3.09,1.2
61,-3.02,-1.29,-4.58,3.5
62,-0.1,-1.13,-4.75,-4.23
63,0.02,-4.39,-3.6,-5.71
64,1.85,-3.38,2.12,-0.95
65,9.24,5.5,10.26,7.36
66,16.3,12.13,9.3,10.58
67,17.81,11.84,4.57,8.3
68,10.65,8.65,2.83,4.28
69,5.3,9.11,5.37,-0.08
70,7.93,12.16,9.89,-4.51
71,9.27,12.73,4.85,-4.9
72,-0.56,7.4,-7.83,6.78
73,-17.65,-3.53,-16.75,11.93
74,-21.51,-7.68,-11.96,3.54
75,0.13,11.82,12.74,5.18
76,24.36,35.73,32.93,13.58
77,20.97,28.29,21.77,10.71
78,11.83,13.82,3.37,-1.82
79,19.98,16.6,0.0,-8.34
80,11.99,8.59,-6.0,-6.62
81,-13.93,-11.56,-13.86,-4.13
82,-20.17,-21.32,-11.38,-0.28
83,-21.38,-24.07,-14.92,-2.67
84,-16.81,-16.2,-15.81,0.12
85,4.57,4.05,-2.48,6.63
86,6.23,15.48,7.26,-5.67
87,1.14,15.75,10.49,-12.89
88,-16.71,-10.6,-14.28,-5.46
89,-26.8,-24.5,-29.62,-5.62
90,16.41,21.62,10.54,-10.33
91,31.09,40.76,25.4,-10.82
92,1.79,3.34,-8.62,-4.84
93,-6.22,-17.78,-21.28,1.22
94,3.64,-12.0,-2.53,1.22
95,8.07,-4.76,8.63,-1.22
96,14.71,13.97,15.47,-7.47
97,28.64,34.2,32.13,-3.52
98,23.96,19.02,30.41,10.06
99,3.26,-18.07,6.88,4.03
100,-9.21,-32.59,-11.76,-12.76
101,-9.42,-19.04,-13.62,-16.63
102,1.7,-5.02,0.19,-14.75
103,14.77,7.32,12.91,-18.26
104,14.35,21.92,12.84,-14.84
105,0.8,20.05,5.8,14.41
106,-8.14,-2.79,-5.33,16.31
107,5.31,-19.23,-7.44,-22.13
108,16.08,-11.56,0.96,22.53
109,-4.92,-5.7,3.0,114.68
110,-25.32,-11.66,-0.1,72.42
111,2.57,-3.39,1.56,-65.26
112,36.77,6.58,4.51,-110.72
113,19.46,4.16,3.48,-62.8
114,-8.39,8.46,7.27,-64.58
115,-30.33,15.72,0.52,-72.43
116,-54.38,2.4,-28.27,46.31
117,-67.0,-38.58,-40.57,203.68
118,-49.43,-54.39,-18.24,209.54
119,4.59,-23.34,8.78,45.38
120,22.68,5.95,14.85,-64.0
121,-6.45,29.7,-0.89,6.59
122,-12.98,13.1,-35.94,68.89
123,-8.78,-48.92,-46.85,27.11
124,-5.76,-23.19,10.53,-8.61
125,9.48,-14.52,36.21,-15.56
126,8.44,-137.52,-53.34,-26.86
127,-3.78,-167.24,-134.46,-17.78
128,3.25,-58.49,-70.07,4.27
129,39.68,38.58,55.07,-23.96
130,84.08,65.99,77.98,-70.58
131,97.8,99.03,31.08,-36.13
132,57.87,140.53,15.5,49.03
133,-13.4,98.39,13.92,78.95
134,-32.09,61.64,-2.26,23.74
135,5.84,103.05,-4.67,-23.9
136,28.86,149.88,11.04,7.4
137,37.76,123.52,17.61,26.5
138,36.16,81.38,22.85,-22.3
139,0.75,85.41,46.59,-42.87
140,-42.41,37.09,47.81,5.78
141,-44.6,-31.35,7.1,13.75
142,-10.18,-4.11,-10.07,-37.58
143,9.31,44.68,0.76,-26.55
144,-13.17,10.16,0.53,17.44
145,-44.81,-62.76,4.23,-8.13
146,-36.61,-86.2,-10.52,-36.32
147,-6.26,-27.7,-15.59,-12.07
148,6.71,99.67,33.5,4.27
149,0.88,157.22,57.08,-7.1
150,-19.89,45.19,42.73,-20.07
151,-29.33,-97.29,30.43,-15.89
152,-4.37,-116.82,15.63,-8.97
153,19.11,-58.62,3.7,-16.69
154,18.16,-27.45,-6.55,-37.44
155,14.24,-39.42,-14.11,-62.1
156,12.33,-40.04,-14.32,-30.73
157,1.23,-24.53,-16.16,47.94
158,-17.64,-76.04,-25.82,74.57
159,-23.18,-145.82,-22.55,44.3
160,-0.26,-112.85,-0.66,5.82
161,25.07,-54.07,1.58,-12.65
162,23.95,-49.51,-14.08,-6.3
163,13.34,-42.61,-14.15,6.22
164,12.96,-28.75,-11.31,16.93
165,11.59,-22.11,-19.55,9.1
166,3.23,3.46,-13.93,-9.15
167,-7.16,-15.69,6.03,-9.76
168,-18.21,-88.47,9.19,-16.09
169,-15.17,-75.1,3.62,-27.56
170,4.69,2.09,11.82,-3.48
171,9.09,7.76,12.68,30.07
172,-6.24,-32.79,-1.48,37.05
173,-6.19,-27.48,-2.92,20.32
174,8.62,-3.2,3.44,-2.56
175,10.66,-5.73,2.91,-1.16
176,7.26,3.9,-4.79,9.03
177,11.73,22.8,-14.12,-6.42
178,3.29,2.04,-6.55,-17.86
179,-11.56,-21.81,20.82,-5.09
180,-11.06,-5.62,31.87,-5.35
181,-7.94,8.25,4.81,-17.65
182,-1.4,13.67,-15.28,-9.61
183,2.6,30.29,-9.49,-4.87
184,-7.3,34.22,-12.6,-12.14
185,-14.42,20.75,-16.16,0.37
186,-13.32,16.38,-1.17,6.28
187,-0.27,31.04,15.97,-5.21
188,10.3,34.21,15.3,-1.12
189,-2.2,20.36,1.51,5.01
190,-11.74,18.2,-4.85,-3.4
191,-6.43,13.61,-10.5,-7.09
192,-0.09,6.23,-17.75,-0.69
193,5.22,15.54,-12.12,-3.11
194,10.2,21.06,0.02,-11.83
195,10.92,10.86,2.47,-4.64
196,6.63,8.94,1.05,3.44
197,8.55,24.14,7.41,2.3
198,11.42,25.41,5.55,0.53
199,4.94,11.19,-4.24,3.95
200,4.72,8.58,-1.43,23.8
201,11.6,9.95,3.92,36.75
202,6.63,9.02,4.59,31.49
203,-12.94,9.39,3.7,3.69
204,-23.8,-1.43,-5.78,-24.51
205,-15.06,-15.7,-13.34,-13.45
206,-3.29,-16.44,-10.56,-0.57
207,5.52,-9.43,-3.56,-3.39
208,7.28,-1.58,-3.78,7.36
209,2.38,2.63,-8.68,14.62
210,-3.64,-5.19,-4.86,-6.48
211,-12.17,-16.75,-3.01,-20.05
212,-12.78,-8.21,-2.31,0.38
213,-2.61,13.58,5.28,16.45
214,2.06,21.37,9.29,12.27
215,2.81,12.27,7.51,4.36
216,5.8,3.33,5.57,-8.22
217,8.29,4.09,5.58,-23.55
218,7.0,7.32,5.25,-23.43
219,3.9,6.63,6.1,2.32
220,-0.79,7.34,8.02,24.33
221,-9.22,11.05,4.35,21.0
222,-4.5,9.57,1.99,5.63
223,7.78,4.91,5.03,-17.45
224,1.94,2.91,2.91,-30.1
225,-12.07,1.66,-1.02,-17.32
226,-12.63,-3.82,-2.97,-2.8
227,-2.03,-7.12,-4.84,4.32
228,5.46,-0.54,-7.07,2.49
229,3.32,5.58,-9.75,-0.01
230,-2.98,4.08,-8.65,13.42
231,-4.42,4.98,-5.36,23.11
232,5.26,11.77,0.81,18.21
233,11.85,9.35,3.97,7.75
234,2.91,1.21,-1.24,-5.65
235,-6.85,0.72,-4.37,-11.94
236,-8.98,-3.62,-6.01,-6.15
237,-6.02,-8.43,-4.94,-0.86
238,1.18,0.69,1.29,-5.79
239,6.25,7.75,3.89,-8.58
240,4.18,3.18,1.88,0.12
241,-0.12,-0.19,-0.35,3.96
242,-0.09,-0.55,1.53,-8.06
243,-2.85,-8.44,-0.25,-16.58
244,-7.56,-11.9,-1.49,0.45
245,-6.71,-3.81,3.88,15.29
246,-9.29,-4.52,-1.18,5.49
247,-9.49,-7.22,-5.86,-5.94
248,-5.37,-6.2,-3.25,-12.61
249,-3.79,-11.38,-3.93,-11.85
250,1.55,-11.04,-0.82,-2.14
251,3.42,-3.35,2.95,-2.5
252,-0.74,-0.93,3.79,-11.88
253,-3.75,-6.72,1.96,-9.61
254,-4.07,-9.45,-1.03,5.54
255,-0.53,-2.63,2.17,14.5
256,0.83,0.89,4.29,6.74
257,-0.94,1.76,2.74,-4.62
258,-4.09,5.39,0.6,-10.5
259,-5.11,4.78,-3.49,-5.5
260,4.28,7.45,-1.77,7.22
261,14.41,16.63,4.59,8.09
262,13.87,17.69,5.24,5.04
263,2.95,7.6,-0.49,3.32
264,-10.25,-0.14,-3.83,-0.4
265,-5.83,1.61,-0.24,1.15
266,12.96,4.73,4.71,5.95
267,16.34,3.79,6.36,7.51
268,0.15,0.95,0.62,-0.12
269,-9.83,-1.73,-6.31,-3.43
270,-2.47,0.7,-1.43,5.66
271,2.48,5.64,5.06,7.2
272,-1.65,6.04,3.02,-5.32
273,-6.44,0.82,-2.86,-15.12
274,-6.59,-2.79,-5.7,-5.16
275,2.52,2.32,-1.2,12.98
276,4.76,2.12,-1.65,13.05
277,-2.68,-3.88,-6.19,9.35
278,-4.81,-0.24,-5.31,9.99
279,-5.81,4.9,-5.15,-0.46
280,-8.52,1.89,-3.39,-7.78
281,-9.87,-7.78,-1.49,-4.35
282,-7.35,-15.67,-2.66,2.08
283,-0.31,-11.68,1.8,4.42
284,9.39,4.31,13.69,-1.61
285,18.77,21.15,23.14,-4.18
286,15.25,21.14,19.57,-4.34
287,5.29,13.28,12.1,-5.35
288,3.27,15.73,9.28,1.93
289,5.83,14.18,8.77,8.19
290,12.3,3.15,15.19,4.95
291,14.86,-1.99,20.73,0.9
292,8.98,-1.18,15.06,3.47
293,2.09,-1.36,4.78,6.62
294,0.88,-0.39,2.06,1.14
295,-1.03,-2.55,1.93,-7.16
296,-11.93,-13.57,-8.16,-5.34
297,-12.95,-18.91,-15.25,7.26
298,-5.03,-12.05,-12.31,5.8
299,-6.84,-7.36,-10.67,-7.86
300,-10.66,-10.16,-11.73,-7.11
301,-11.54,-14.85,-14.14,-6.37
302,-7.5,-10.46,-10.9,-6.96
303,-0.88,0.06,-3.9,1.66
304,-0.93,0.49,-5.63,1.38
305,-2.83,-3.14,-9.21,-5.66
306,-6.17,-3.72,-13.66,-10.92
307,-5.04,-0.15,-15.35,-14.74
308,-0.2,5.62,-9.55,-14.16
309,-5.19,1.3,-6.58,-4.53
310,-5.61,-4.68,-2.68,7.19
311,4.48,-1.61,1.01,3.15
312,8.9,1.18,-0.45,-2.83
313,3.24,-2.29,-4.11,-0.04
314,-5.7,-6.01,-7.8,-0.57
315,-9.0,-4.29,-7.77,-3.31
316,-9.03,-1.26,-9.33,-8.94
317,-5.04,2.02,-7.79,-6.13
318,1.58,4.71,2.09,3.89
319,4.48,5.75,9.86,4.8
320,9.22,8.8,12.13,14.96
321,4.7,3.45,3.85,22.58
322,-8.24,-9.93,-3.75,9.14
323,-7.5,-5.59,-0.07,-8.06
324,2.17,15.33,4.45,-13.07
325,7.08,19.63,8.02,-1.31
326,3.77,2.86,5.49,4.52
327,0.55,-8.92,1.46,7.56
328,0.84,-7.61,0.86,10.53
329,-2.37,-2.76,-2.94,-2.48
330,-4.79,-0.36,-3.95,-9.6
331,-7.52,-2.35,-3.75,-3.92
332,-6.98,-2.76,-2.8,0.11
333,1.3,-0.38,0.26,-0.27
334,10.75,2.56,3.93,1.9
335,16.87,8.01,8.84,6.87
336,10.12,7.78,5.49,4.15
337,-1.25,2.01,1.26,1.5
338,-7.9,-3.33,-0.92,-0.47
339,-6.25,-2.76,-3.16,-7.69
340,5.84,5.48,3.23,-12.03
341,6.89,7.19,4.53,-8.11
342,-1.5,2.7,2.57,8.39
343,-4.97,-1.89,5.06,18.77
344,-4.21,-5.71,5.06,11.39
345,2.43,-1.26,7.22,2.36
346,-3.36,-1.42,-0.47,-16.05
347,-19.49,-11.85,-11.49,-36.68
348,-18.1,-12.69,-6.09,-32.16
349,-2.78,-1.57,3.82,-12.16
350,8.47,6.08,6.61,4.21
351,5.54,0.09,-4.03,11.54
352,1.46,-6.54,-12.38,13.05
353,6.11,-2.42,-7.33,16.32
354,9.71,3.17,-1.45,22.84
355,10.58,6.18,3.28,20.39
356,3.35,3.13,0.32,5.11
357,-3.85,-2.55,-4.04,-2.34
358,-2.21,-5.48,-2.95,-4.48
359,-0.36,-6.74,-1.97,-8.17
360,4.41,-1.77,3.44,-0.46
361,4.44,-0.21,2.9,3.2
362,-1.81,-4.06,-2.29,-5.02
363,-6.06,-3.89,-3.08,-13.64
364,-7.36,-1.6,-4.37,-15.51
365,-0.83,3.94,-1.02,-4.06
366,0.67,5.56,2.56,2.5
367,-6.17,-1.37,2.69,-1.74
368,-9.21,-6.08,1.32,-4.16
369,-5.6,-2.5,-0.77,-0.42
370,-0.41,2.15,-0.46,5.62
371,-4.32,-1.73,-5.07,-1.55
372,-3.7,-2.67,-6.2,-7.42
373,3.66,1.88,0.86,-0.65
374,-0.56,-2.67,1.39,-6.12
375,0.38,-3.48,3.02,-9.94
376,10.46,3.6,8.66,4.28
377,12.18,4.2,7.23,15.47
378,5.51,-0.15,1.16,15.62
379,-0.77,-3.27,-2.3,9.72
380,3.71,2.14,2.6,4.7
381,7.87,7.06,7.1,-2.21
382,3.47,1.98,5.05,-7.17
383,-5.53,-4.13,-0.84,-4.71
384,-14.01,-6.35,-8.67,-3.46
385,-6.0,-0.33,-7.69,-0.61
386,6.58,4.54,-1.56,0.33
387,9.16,3.89,5.39,-2.43
388,5.36,3.89,6.9,-1.38
389,-1.29,0.96,-1.47,1.99
390,1.13,1.32,-3.28,7.05
391,4.91,2.84,-0.77,10.56
392,5.85,3.09,2.88,14.23
393,6.33,4.35,3.73,13.15
394,-0.15,2.02,-3.15,2.16
395,-2.96,1.48,-0.86,-1.93
396,-1.9,0.25,4.91,-2.1
397,1.1,-1.37,5.71,-0.32
398,6.25,1.73,5.71,7.95
399,4.61,0.75,0.31,7.55
