,ch1,ch2,ch3,ch4
0,0.47,9.61,2.99,-7.5
1,-0.78,6.03,3.51,-5.47
2,2.18,12.35,5.62,-5.7
3,6.24,20.13,8.38,-2.05
4,1.99,19.91,5.0,-0.58
5,0.0,16.5,-0.5,3.9
6,-1.75,8.63,-0.83,4.45
7,-5.09,2.01,6.21,-1.1
8,-2.57,1.81,11.26,-1.04
9,2.51,2.21,7.91,2.81
10,7.91,6.02,4.83,8.64
11,8.06,12.56,3.91,8.97
12,6.67,11.96,3.56,8.55
13,6.88,6.31,3.35,10.61
14,3.42,4.17,3.62,4.43
15,2.6,6.43,8.73,-3.68
16,2.34,10.12,8.9,-7.22
17,-0.76,9.79,-0.78,-5.15
18,0.21,6.31,-5.93,-1.67
19,7.35,8.74,2.35,1.6
20,10.64,11.31,11.31,7.84
21,4.39,5.76,7.45,8.27
22,0.06,1.59,3.36,2.35
23,2.03,4.01,6.46,0.82
24,2.12,5.76,5.65,0.74
25,-1.92,4.78,0.9,-2.63
26,-5.15,6.65,-2.82,-4.61
27,1.38,13.51,-1.37,4.18
28,11.47,14.55,1.82,18.24
29,9.15,5.35,-3.49,16.61
30,4.07,0.34,-4.11,4.16
31,0.99,-4.12,3.04,-1.73
32,-1.8,-12.95,4.23,0.9
33,0.13,-14.12,0.88,3.75
34,-0.59,-12.05,-1.96,4.0
35,-2.27,-10.44,-1.58,6.17
36,-1.5,-7.81,-3.49,5.11
37,-1.41,-6.84,-6.17,0.76
38,-4.27,-6.95,-4.56,-2.72
39,-9.91,-11.18,-4.11,-7.44
40,-10.81,-15.48,-3.6,-6.89
41,-8.65,-12.46,-3.72,-4.11
42,-6.01,-3.47,-3.44,-6.88
43,1.78,3.69,2.27,-9.49
44,3.65,0.17,4.03,-8.18
45,-2.21,-4.49,1.45,-3.47
46,-2.58,2.0,3.72,-2.71
47,3.17,14.74,8.56,-3.59
48,9.53,25.3,11.59,1.5
49,10.4,24.03,10.98,3.05
50,0.18,5.56,3.63,-2.41
51,-13.69,-11.18,-4.37,-9.89
52,-7.95,-1.72,0.93,-9.31
53,3.89,14.44,4.88,-2.02
54,-0.53,15.03,-4.24,-3.67
55,-0.28,16.29,-5.37,-3.75
56,2.96,21.71,3.27,-1.03
57,0.3,17.62,8.29,-2.68
58,-4.78,0.51,2.2,-5.23
59,-12.83,-12.92,-6.0,-9.18
60,-11.61,-8.97,-7.17,-6.49
61,-6.96,1.25,-9.94,-7.66
62,-2.23,13.76,-0.45,-21.24
63,7.06,18.79,18.02,-37.09
64,11.27,5.01,15.92,-38.58
65,16.99,4.94,1.29,-31.71
66,9.06,10.45,-9.25,-20.0
67,-12.8,-10.26,-9.44,32.69
68,-11.53,-23.12,5.62,-0.31
69,-2.62,-19.2,20.07,-143.04
70,-8.32,-20.22,8.45,-143.14
71,-17.61,-18.3,-18.25,8.31
72,-17.39,-18.27,-34.01,168.76
73,-17.14,-43.38,-43.85,216.72
74,-29.86,-53.32,-25.58,90.97
75,-40.62,-45.02,-1.67,16.38
76,-28.66,-56.71,-39.73,82.45
77,-9.09,-69.44,-57.26,110.48
78,-3.95,-66.09,-7.3,82.04
79,7.28,-48.79,5.21,39.86
80,23.9,-27.68,-27.72,-3.15
81,27.38,-22.63,-54.76,-10.36
82,22.77,-62.58,-64.02,-14.32
83,30.86,-46.7,-8.57,-34.79
84,53.84,38.94,81.58,-57.39
85,59.55,67.77,91.93,-84.5
86,35.15,71.36,39.66,-86.61
87,5.58,74.34,1.86,-40.32
88,-4.02,53.95,-14.21,26.15
89,2.38,81.3,-14.37,83.56
90,12.48,170.87,-6.54,20.58
91,-6.5,130.02,-5.82,-96.56
92,-26.9,-24.15,5.64,-26.96
93,3.58,-41.22,30.35,73.41
94,21.87,75.1,30.72,21.37
95,-11.62,158.39,17.84,-64.61
96,-53.27,119.36,3.17,-72.05
97,-49.75,54.28,-10.87,20.3
98,-13.04,54.12,14.93,80.75
99,-1.96,60.12,62.05,19.73
100,-12.95,24.94,62.59,-57.07
101,-15.23,2.78,14.14,-56.01
102,-16.8,-9.35,-35.77,-16.56
103,-16.86,-64.15,-52.78,-19.66
104,7.84,-78.82,-20.95,-43.52
105,23.78,-44.45,20.16,-24.34
106,3.94,-56.99,19.86,21.79
107,-13.61,-108.82,-3.91,47.99
108,-5.55,-120.32,-16.64,28.81
109,9.62,-94.56,-13.81,-14.51
110,16.74,-101.94,-12.81,-26.3
111,22.15,-106.35,-19.25,-14.33
112,25.6,-66.23,-6.11,-16.44
113,23.69,-35.85,25.92,-2.49
114,21.66,-40.47,28.77,49.85
115,18.38,-60.25,-0.83,71.42
116,8.34,-65.18,-14.81,16.57
117,2.73,-45.16,-9.34,-29.71
118,5.97,-19.73,-11.36,-17.49
119,4.43,-0.13,-2.27,3.97
120,-3.52,-5.92,23.07,17.47
121,-4.3,-30.19,17.31,12.14
122,7.23,-14.73,0.68,-11.14
123,8.44,19.42,12.27,-8.69
124,-4.29,21.97,12.12,14.73
125,-9.06,15.31,-7.85,1.71
126,-9.05,13.49,-16.08,-28.85
127,-6.02,12.74,-13.11,-14.25
128,9.19,27.2,-11.97,10.39
129,16.47,47.58,-17.14,2.0
130,0.26,41.21,-14.4,-10.29
131,-15.28,16.68,2.23,-7.49
132,-8.06,11.65,16.99,0.94
133,6.93,25.18,16.15,4.66
134,7.39,30.13,0.22,0.6
135,-3.66,28.01,-9.63,-2.31
136,-10.52,25.06,-4.41,-1.18
137,-3.29,21.42,0.26,3.82
138,4.55,20.56,-5.04,8.72
139,1.26,16.17,-10.79,2.69
140,-4.31,5.27,-13.12,-3.68
141,-5.98,-0.65,-17.01,-4.79
142,-4.21,2.55,-15.16,-3.74
143,-6.26,0.25,-13.2,0.43
144,-10.84,-7.78,-18.14,3.32
145,-12.4,-10.17,-18.94,-3.45
146,-18.39,-14.46,-18.46,-19.04
147,-16.52,-16.04,-13.73,-9.67
148,-2.99,-6.85,-2.62,15.1
149,2.83,-1.51,-0.06,13.01
150,3.89,-3.94,-3.03,-3.92
151,2.18,-7.04,-1.89,-14.18
152,3.56,-3.7,6.56,-8.57
153,10.49,1.64,11.94,2.21
154,10.21,4.61,10.33,-0.36
155,3.87,6.99,11.36,-6.09
156,-5.27,1.69,8.54,-5.26
157,-1.64,2.02,8.97,3.98
158,15.41,18.8,20.03,13.79
159,19.39,25.22,24.98,11.56
160,14.64,13.02,21.85,5.53
161,11.17,2.86,16.14,1.05
162,8.99,4.27,14.91,-0.5
163,12.68,15.69,23.37,8.58
164,9.16,19.6,22.23,13.71
165,3.16,13.13,12.79,10.51
166,8.67,12.36,12.31,10.3
167,8.16,12.78,12.82,2.03
168,-3.67,8.14,8.78,-7.37
169,-5.96,3.95,4.39,-5.18
170,7.62,6.63,5.27,0.3
171,13.88,10.5,8.09,13.24
172,6.24,7.04,5.45,24.0
173,-5.43,-1.41,-2.35,9.19
174,-17.76,-9.59,-9.23,-11.97
175,-18.23,-10.79,-7.23,-12.15
176,-6.65,-3.22,-2.96,-3.58
177,2.01,4.27,-2.1,0.78
178,-2.58,0.17,-4.77,-3.35
179,-10.64,-5.54,-8.51,-11.45
180,-9.72,0.55,-7.36,-8.26
181,-6.27,4.56,-5.15,-1.19
182,-5.23,-2.16,-3.79,-0.66
183,-7.77,-9.71,-5.68,2.46
184,-8.75,-10.01,-8.97,8.02
185,-2.32,-2.23,-7.3,9.2
186,2.23,4.13,-6.57,7.62
187,-1.09,1.51,-8.19,6.17
188,-6.12,-3.08,-6.95,1.09
189,-5.57,-2.71,-2.34,-6.69
190,1.45,1.98,3.43,-4.46
191,4.27,4.02,4.73,0.32
192,1.67,0.14,0.56,-0.99
193,0.05,-1.95,-4.03,-0.76
194,0.46,-0.16,-3.64,-0.88
195,2.65,-0.92,0.11,-2.04
196,4.07,-2.57,0.6,-6.73
197,3.09,-1.24,-1.29,-14.21
198,-2.65,-2.01,-5.26,-7.68
199,-6.84,-3.33,-7.1,9.52
200,-4.93,-1.33,-2.59,12.56
201,-0.55,0.54,1.29,3.19
202,3.7,-0.04,0.41,2.2
203,2.04,-2.49,-4.45,2.88
204,-0.26,-1.1,-4.91,-3.34
205,2.84,3.73,0.42,-0.23
206,4.55,5.44,1.13,11.34
207,3.51,5.11,0.73,11.52
208,-5.2,-0.99,-1.58,-6.58
209,-19.39,-9.97,-5.32,-28.54
210,-21.81,-8.18,-0.38,-36.19
211,-9.65,0.4,6.15,-26.99
212,4.19,4.82,5.87,-9.24
213,9.24,4.47,-0.42,7.76
214,8.37,4.71,-2.23,18.44
215,5.31,4.46,2.27,20.41
216,4.41,2.79,2.49,21.85
217,7.69,1.64,0.28,20.9
218,7.93,-0.29,-1.23,6.74
219,4.42,-0.1,-2.65,-3.13
220,-3.62,-2.26,-5.38,-7.66
221,-9.12,-7.66,-6.9,-15.75
222,-4.25,-7.76,-4.34,-14.79
223,-2.87,-5.39,-2.69,-11.25
224,-6.52,-5.86,-2.75,-8.85
225,-3.38,-5.11,-2.1,-2.75
226,0.76,0.41,-2.56,0.76
227,3.01,7.81,-0.13,1.67
228,6.43,10.61,6.86,1.88
229,4.86,4.07,8.98,-0.35
230,0.02,-3.2,7.98,-3.58
231,-0.34,-2.23,8.85,-4.12
232,1.7,0.87,7.19,-0.01
233,0.03,0.68,1.19,2.23
234,-3.46,1.13,-2.09,0.04
235,-0.08,4.99,2.41,2.99
236,2.99,5.52,2.4,4.6
237,-2.15,1.03,-1.18,-2.65
238,-4.5,-2.66,1.27,-4.37
239,-4.3,-6.1,-0.65,2.97
240,-8.8,-7.91,-8.5,3.04
241,-9.97,-2.62,-9.21,-2.92
242,1.59,7.96,1.07,2.72
243,9.66,10.82,5.96,4.76
244,1.04,2.36,-1.85,-8.85
245,-6.23,-5.03,-7.47,-9.92
246,-3.1,-6.54,-4.54,2.69
247,3.86,-2.14,3.08,13.57
248,4.54,2.66,4.53,16.64
249,0.27,2.34,0.69,5.77
250,4.54,2.64,4.06,1.99
251,10.39,3.23,8.24,9.11
252,9.53,3.51,5.38,10.24
253,5.9,7.18,0.64,5.69
254,1.55,8.22,-1.69,-0.11
255,1.12,2.47,-0.56,0.54
256,0.37,-3.24,1.73,1.64
257,-4.44,-4.51,3.14,0.1
258,-6.41,-4.42,2.72,-1.99
259,-4.25,-3.97,0.79,-6.73
260,0.99,-1.77,-0.99,-0.77
261,3.48,-1.94,-3.47,7.98
262,1.38,-4.12,-3.75,4.35
263,-0.56,-2.82,-4.24,-4.06
264,-2.22,0.72,-6.03,-9.46
265,-1.13,4.48,-0.97,-5.15
266,2.8,7.75,5.7,3.45
267,3.38,5.02,5.36,4.63
268,-1.16,-1.61,2.77,-0.73
269,-2.26,-3.13,0.47,-4.0
270,1.07,-2.35,-2.38,1.14
271,-5.97,-9.43,-9.59,-3.42
272,-17.34,-18.08,-19.23,-17.86
273,-14.35,-12.55,-18.31,-13.39
274,-2.99,2.02,-6.86,-0.59
275,5.22,10.06,6.49,4.85
276,5.64,5.4,15.57,1.23
277,1.9,-1.7,19.46,-3.7
278,4.03,4.6,21.6,8.07
279,14.15,18.05,22.01,21.13
280,22.64,22.14,23.53,18.34
281,16.55,15.06,24.58,6.76
282,4.88,12.41,21.52,1.1
283,3.22,17.38,16.75,2.56
284,7.6,15.36,9.82,1.32
285,9.24,10.37,6.04,3.05
286,5.09,7.27,4.65,9.07
287,3.26,1.66,1.3,11.63
288,2.37,-5.61,-3.87,5.78
289,-3.46,-10.91,-11.71,-3.88
290,-2.81,-8.14,-13.39,-4.12
291,1.28,-0.03,-11.13,-3.1
292,0.58,6.23,-9.04,-8.18
293,-0.5,5.66,-4.86,-7.48
294,-3.38,-3.56,-8.11,-5.34
295,-7.02,-11.32,-15.74,-8.72
296,-9.72,-13.42,-17.31,-12.25
297,-14.1,-15.74,-16.82,-10.17
298,-17.95,-14.35,-16.48,-5.44
299,-16.21,-7.37,-12.41,-3.15
300,-6.76,-2.67,-6.53,2.52
301,0.02,-5.8,-4.79,3.71
302,-4.56,-11.15,-7.91,-4.05
303,-10.97,-10.19,-12.22,-9.46
304,-9.26,-7.42,-11.56,-10.5
305,-2.97,-6.93,-6.57,-7.63
306,-0.96,-5.57,-6.36,-6.0
307,-0.94,-0.42,-6.21,-5.17
308,2.69,4.72,-1.17,3.46
309,6.21,3.18,1.99,14.46
310,3.38,-3.22,1.15,12.76
311,-6.91,-11.69,-4.39,-2.32
312,-10.55,-12.7,-5.03,-8.79
313,-2.43,-3.25,3.16,-4.45
314,3.37,2.86,6.95,-5.03
315,1.7,-0.52,2.75,-7.41
316,-3.85,-6.68,-3.19,-9.05
317,-2.66,-2.98,-1.96,0.64
318,2.42,2.81,1.83,12.78
319,-1.89,-3.6,-1.43,2.48
320,-3.83,-6.88,-0.97,-5.65
321,3.16,-0.11,5.12,5.39
322,5.88,3.97,6.29,13.23
323,0.45,3.63,4.87,2.56
324,-6.56,1.07,2.96,-22.53
325,-9.22,-1.53,2.23,-34.07
326,-6.91,-0.65,3.41,-17.73
327,0.99,3.9,2.98,3.79
328,9.53,5.52,1.0,13.55
329,10.92,0.59,-1.18,15.01
330,10.35,1.05,0.45,18.93
331,14.73,8.76,5.22,27.47
332,17.88,10.9,8.7,30.48
333,11.12,5.87,6.68,19.84
334,0.39,-0.08,-0.7,3.72
335,-2.86,-2.79,-4.77,-5.26
336,-1.74,-1.37,-4.43,-12.36
337,-2.3,1.76,-1.53,-15.75
338,-5.38,0.03,0.14,-13.31
339,-8.42,-6.77,-4.55,-12.54
340,-7.26,-8.52,-7.66,-10.59
341,-6.05,-5.7,-6.84,-8.56
342,-5.13,-3.08,-5.72,-7.23
343,-1.65,0.78,-3.26,-2.98
344,1.32,4.42,0.27,0.72
345,3.71,5.38,4.08,-1.44
346,0.81,-0.8,1.51,-6.07
347,-5.06,-8.3,-3.89,-4.05
348,-1.14,-4.09,-1.23,0.7
349,7.76,5.3,2.89,1.99
350,11.74,8.24,2.61,5.68
351,9.15,4.13,2.3,5.45
352,1.26,-3.52,1.73,-1.42
353,-4.85,-7.6,-0.68,-2.95
354,-4.8,-2.81,-0.91,-2.07
355,-2.66,1.92,0.5,0.87
356,-3.21,-1.63,-1.0,4.96
357,-3.21,-2.34,-0.04,3.28
358,1.55,3.37,4.37,2.09
359,2.43,4.03,5.09,4.59
360,-2.46,0.32,3.96,6.25
361,-3.92,-1.86,2.27,1.43
362,3.44,1.02,4.43,-4.69
363,14.26,8.1,9.73,0.31
364,14.77,9.76,6.6,12.14
365,6.83,6.78,1.53,14.65
366,-2.05,2.94,-0.66,6.39
367,-6.46,-0.03,-2.6,3.08
368,-4.79,-0.76,-3.21,5.74
369,-0.11,-0.81,-2.13,8.12
370,5.24,2.11,3.27,11.7
371,2.64,2.51,2.81,10.21
372,0.24,2.05,-0.8,7.99
373,4.15,2.92,1.3,6.17
374,1.27,-3.29,-2.15,-3.96
375,-1.23,-4.81,-3.66,-7.74
376,2.48,2.11,1.47,-2.2
377,1.24,2.9,-0.06,0.22
378,-4.59,-0.71,-5.38,-2.82
379,-9.18,-4.35,-7.47,-8.58
380,-7.73,-6.01,-3.81,-9.56
381,-2.75,-3.39,0.79,-7.18
382,2.57,1.55,1.3,-5.01
383,3.84,2.2,-0.11,-4.48
384,-3.34,-3.11,-1.99,-6.26
385,-7.05,-3.72,-0.14,-4.84
386,-4.84,-0.56,1.47,-1.3
387,-2.41,1.07,-0.99,-1.41
388,-1.9,0.45,-2.83,-4.46
389,-3.39,-2.95,-1.75,-4.33
390,0.72,-0.81,5.4,0.14
391,8.04,6.39,11.22,3.14
392,7.74,7.79,6.5,-0.16
393,-2.89,0.36,-3.38,-8.68
394,-9.23,-4.42,-4.7,-8.08
395,-3.44,-1.09,3.04,3.05
396,1.07,0.97,3.28,5.45
397,2.52,1.76,-1.23,1.22
398,3.41,3.26,0.79,1.05
399,-0.42,2.22,3.64,-0.74
