,ch1,ch2,ch3,ch4
0,3.71,0.16,-4.46,2.89
1,7.94,5.94,2.07,6.41
2,12.17,11.45,8.45,13.0
3,8.19,6.42,5.44,10.91
4,0.75,-1.98,1.18,1.59
5,-5.56,-4.2,-0.18,-6.39
6,-5.78,-3.12,-0.13,-4.9
7,-0.62,-1.95,1.05,-1.14
8,1.27,-2.51,0.71,-4.2
9,-1.13,-5.83,-2.63,-3.86
10,-0.85,-5.66,-3.68,4.6
11,-0.73,-2.1,-2.44,3.66
12,-2.39,0.75,-1.96,-3.93
13,-0.29,2.76,-0.14,-3.64
14,0.54,1.48,-0.82,-4.49
15,-1.19,0.31,-3.21,-7.85
16,0.73,2.87,0.03,-4.6
17,1.66,2.7,2.92,-0.47
18,-3.53,-2.18,0.26,-1.03
19,-6.59,-4.23,-1.7,-1.7
20,-5.12,-3.45,-2.72,-2.91
21,-6.38,-5.34,-6.02,-5.95
22,-7.03,-6.07,-6.49,-5.31
23,-4.85,-5.09,-3.17,-2.45
24,-4.01,-4.52,-1.12,-1.23
25,0.19,-0.47,2.3,-1.1
26,5.64,2.64,5.73,-2.77
27,2.2,-1.13,3.32,-4.04
28,-4.46,-7.22,0.29,-3.42
29,-4.41,-6.27,1.7,1.14
30,2.1,3.04,4.45,6.02
31,6.59,8.93,5.11,0.48
32,5.85,6.85,3.81,-3.49
33,5.56,4.37,1.49,3.84
34,2.92,3.91,-0.89,5.39
35,-0.2,3.23,-0.96,-0.47
36,4.32,4.08,0.94,-1.17
37,5.69,5.25,0.04,-0.46
38,-2.62,-0.47,-5.51,-2.76
39,-4.44,-5.5,-6.07,-0.45
40,2.01,1.14,0.84,6.01
41,3.12,5.98,2.88,7.74
42,-2.1,1.33,0.11,1.59
43,-8.61,-2.66,-1.66,-6.72
44,-7.17,-0.92,-2.69,-6.43
45,3.25,4.54,0.8,1.7
46,3.99,4.48,2.8,2.89
47,-3.38,-0.29,-0.91,-0.09
48,-1.34,0.67,-0.63,5.24
49,6.32,7.42,4.38,7.6
50,12.03,13.76,8.64,-0.29
51,10.72,11.25,7.6,-7.84
52,2.15,3.68,3.06,-5.53
53,-3.12,1.93,1.5,3.37
54,0.24,5.43,3.99,6.49
55,6.04,8.7,7.37,2.56
56,5.31,6.36,6.18,-1.51
57,1.44,0.51,1.26,-0.55
58,3.3,-0.22,-0.66,3.1
59,4.43,0.95,-0.96,-0.56
60,-2.79,-3.5,-3.89,-7.4
61,-8.08,-8.43,-4.9,-6.07
62,-3.54,-6.17,0.57,-0.83
63,0.28,-1.38,4.73,0.01
64,-3.78,-1.54,1.4,1.62
65,-4.76,-1.57,-1.55,7.57
66,1.61,1.79,-1.03,6.42
67,6.28,2.9,-1.27,-1.91
68,2.19,-2.48,-3.14,-8.13
69,-5.92,-10.33,-4.32,-4.64
70,-7.75,-10.93,-2.99,3.95
71,-4.37,-2.48,-1.73,1.01
72,-4.58,3.92,-2.6,-10.03
73,-11.97,0.84,-4.23,-17.83
74,-12.78,1.18,-3.33,-15.2
75,-6.51,6.67,-0.52,-4.02
76,-9.22,6.99,0.5,-0.53
77,-6.49,13.41,3.45,-3.84
78,4.99,21.85,9.43,-3.1
79,6.43,19.86,13.5,0.3
80,-0.01,19.36,12.3,1.61
81,-3.9,17.01,7.05,-1.05
82,-3.38,0.48,-0.64,-0.55
83,-5.57,-11.16,-8.66,1.42
84,-8.5,-0.81,-3.76,-0.73
85,-12.68,7.2,8.57,-3.17
86,-13.14,0.95,12.43,-4.65
87,3.62,0.83,10.8,0.9
88,13.83,5.29,5.88,4.01
89,-0.4,2.27,1.65,-8.9
90,-17.23,-9.13,-3.06,-17.91
91,-19.31,-19.51,-8.02,-10.96
92,-5.34,-16.03,-5.0,1.39
93,6.88,-12.88,-2.46,10.95
94,-2.53,-21.52,-12.74,6.75
95,-18.63,-20.86,-24.24,-1.49
96,-27.95,-11.17,-24.35,-0.58
97,-33.68,-13.2,-13.3,-1.5
98,-13.89,-14.01,5.41,3.0
99,14.42,-21.16,-3.39,17.76
100,7.68,-41.38,-30.88,19.22
101,-2.91,-24.73,-19.92,4.27
102,15.74,16.52,11.59,0.46
103,40.28,31.71,27.46,11.88
104,27.15,19.02,22.43,6.44
105,-18.8,-2.46,2.71,-23.06
106,-7.02,5.96,2.41,-36.34
107,54.7,28.93,16.39,-15.21
108,45.03,17.84,7.88,-0.19
109,-2.28,3.41,0.13,-5.14
110,3.53,9.43,13.79,0.98
111,24.09,7.58,15.99,20.51
112,22.37,4.03,0.26,31.34
113,3.61,4.23,-8.62,23.65
114,-11.75,-16.91,-13.7,19.81
115,-8.51,-36.26,-19.41,25.79
116,-5.75,-17.78,-16.04,4.08
117,-5.22,10.15,-10.51,-35.49
118,2.29,13.06,-6.47,-33.55
119,6.16,-2.32,-5.73,6.94
120,-4.86,-17.55,-8.56,19.54
121,-18.52,-18.51,-3.29,-17.83
122,-11.08,-4.97,4.77,-56.54
123,4.82,2.89,0.1,-29.55
124,6.2,-10.03,-10.8,33.63
125,3.99,-11.43,-6.78,8.71
126,8.3,19.13,10.24,-78.47
127,16.71,25.22,10.92,-85.25
128,11.15,-0.78,-0.65,-23.87
129,-21.33,-6.01,7.19,0.58
130,-30.44,12.47,17.25,-7.87
131,0.34,29.7,7.24,9.48
132,-0.61,1.46,-10.72,69.92
133,-40.98,-42.55,-20.55,149.33
134,-51.96,-37.71,-14.94,170.48
135,-6.45,-9.7,-11.76,107.35
136,45.99,12.7,-21.59,44.82
137,44.21,20.97,-10.81,16.95
138,20.41,0.39,26.31,-7.62
139,19.65,-41.97,35.45,-6.72
140,16.57,-57.97,-6.73,13.27
141,9.69,-64.19,-66.88,15.15
142,4.22,-89.64,-84.5,3.82
143,-9.16,-92.42,-46.73,-30.0
144,9.63,-61.16,0.58,-108.07
145,51.03,4.51,25.07,-137.6
146,52.74,70.53,16.09,-6.73
147,25.61,80.78,-6.66,134.76
148,-4.86,44.46,-24.67,114.45
149,-24.99,23.86,-27.48,11.39
150,-27.43,59.78,-9.1,-62.41
151,-11.79,97.15,15.61,-67.74
152,20.65,107.47,44.63,-17.07
153,20.08,87.67,52.83,3.56
154,-22.41,41.19,23.07,-30.31
155,-38.89,37.51,5.14,-41.15
156,-6.82,53.85,15.59,-37.51
157,26.8,61.7,15.46,-44.68
158,18.97,48.73,-1.12,-9.91
159,-21.19,-24.53,-0.96,34.74
160,-50.92,-70.42,14.99,33.77
161,-51.65,-38.32,22.15,-2.69
162,-29.59,8.28,30.11,-53.33
163,-2.97,34.84,46.69,-63.99
164,-3.25,30.79,39.84,-6.2
165,-27.43,-4.77,-2.35,43.06
166,-39.33,-54.02,-26.4,4.93
167,-19.68,-78.09,3.83,-40.95
168,16.04,-54.09,42.45,-2.04
169,40.53,-22.59,37.21,40.06
170,45.7,-11.59,10.72,24.0
171,35.48,-4.32,-7.55,10.33
172,17.56,-4.51,-23.22,3.33
173,2.33,-28.17,-20.01,-21.9
174,1.09,-44.8,10.59,-15.13
175,16.84,-21.8,30.59,19.3
176,29.3,-1.92,9.7,15.0
177,18.39,-14.6,-11.89,-6.86
178,-1.03,-25.27,-4.98,-2.73
179,0.99,-15.18,-8.53,3.38
180,11.35,-9.82,-12.37,-0.25
181,-0.55,-21.68,4.43,-6.69
182,-14.42,-26.58,10.13,-11.55
183,-5.8,-13.35,7.73,-1.55
184,5.97,8.69,12.57,18.07
185,5.17,10.48,2.63,20.1
186,0.59,-17.01,-29.77,-2.96
187,-2.3,-24.28,-40.22,-14.15
188,-7.02,11.43,0.55,-2.57
189,-9.2,38.58,39.0,-0.87
190,-2.74,25.14,28.95,-6.37
191,6.18,15.24,1.38,-1.09
192,9.39,29.28,-6.92,-2.4
193,6.16,32.07,-0.84,-17.56
194,-1.87,15.76,-3.4,-8.88
195,-8.64,8.83,-11.96,27.74
196,-10.9,13.29,-15.81,35.62
197,-11.22,8.8,-13.5,12.02
198,-9.8,-0.18,-4.92,-2.4
199,-4.89,-0.63,-1.24,-1.59
200,1.4,4.1,-6.9,-0.41
201,4.54,7.73,-9.02,-3.76
202,7.45,9.24,2.0,3.09
203,6.11,2.19,7.57,6.36
204,1.13,-7.46,-6.39,-11.45
205,3.49,-5.56,-12.97,-21.41
206,4.13,-0.07,-2.7,-13.84
207,-3.98,-4.89,-6.21,-1.64
208,-8.21,-13.47,-17.41,10.34
209,-7.21,-13.7,-10.63,13.46
210,-1.79,-5.27,4.02,6.07
211,7.04,2.78,10.48,-2.31
212,8.63,1.52,7.24,-7.66
213,4.37,-3.49,1.36,-15.97
214,1.27,-4.91,-4.35,-9.42
215,-1.48,-4.89,-7.54,16.29
216,-7.01,-7.15,-5.32,26.37
217,-8.26,-8.51,-0.67,8.92
218,-1.81,-5.96,1.97,-10.43
219,1.34,-4.05,1.1,-5.93
220,-0.92,-3.83,-1.45,5.98
221,-2.06,-3.1,-4.48,-3.15
222,-0.82,0.86,-4.67,-13.3
223,0.82,5.81,-3.59,-3.55
224,-1.32,5.3,-5.32,2.25
225,-6.68,-0.76,-6.89,-2.87
226,-4.93,-2.29,-1.31,3.95
227,3.03,4.66,6.73,14.23
228,4.19,8.99,4.28,7.57
229,-1.14,11.02,-2.58,-0.1
230,-1.99,15.5,-1.82,-2.85
231,0.21,12.35,1.22,-12.31
232,-2.93,1.93,0.13,-10.01
233,-8.04,-4.74,1.7,0.74
234,-8.14,-7.76,5.38,-9.72
235,-3.12,-5.56,6.44,-20.74
236,0.96,0.66,6.94,-5.73
237,0.51,-0.38,1.93,14.18
238,-0.45,-6.3,-5.39,10.2
239,-2.12,-6.14,-5.48,4.1
240,-4.04,-2.62,-2.11,19.11
241,-1.2,-3.44,-0.99,20.06
242,2.32,-5.91,-0.91,-0.35
243,1.92,-7.02,0.6,-15.97
244,-1.04,-10.44,0.64,-17.44
245,-5.81,-13.94,-2.4,-4.98
246,-9.71,-10.91,-5.46,4.47
247,-6.04,-2.8,-3.84,-3.19
248,2.32,1.95,1.41,-12.82
249,3.41,0.12,1.5,-0.34
250,0.08,-1.21,-1.96,20.98
251,-1.64,-0.77,-4.91,19.51
252,-4.69,-1.75,-8.4,6.8
253,-7.36,-0.19,-5.24,0.35
254,-8.96,0.82,2.02,-16.36
255,-9.88,-1.03,5.53,-34.34
256,-10.22,-2.78,4.46,-30.8
257,-10.13,-7.04,-2.39,-18.68
258,-2.66,-7.73,-5.72,-5.31
259,9.55,2.26,-0.6,15.33
260,15.49,12.75,4.39,27.13
261,13.96,12.42,4.25,19.54
262,10.13,8.51,2.54,14.93
263,7.81,9.75,2.16,21.03
264,8.1,10.87,2.31,21.94
265,4.24,5.53,0.15,12.94
266,-8.49,-5.12,-6.35,-5.3
267,-15.11,-10.88,-8.21,-20.29
268,-8.23,-7.04,0.46,-18.94
269,-1.88,-1.48,6.98,-14.35
270,-0.64,1.64,3.78,-17.94
271,-0.32,2.16,-2.15,-12.3
272,0.51,0.18,-4.9,7.84
273,2.68,-0.14,-3.3,17.05
274,-2.24,-1.17,-5.52,5.89
275,-13.38,-6.14,-10.87,-9.96
276,-14.92,-7.85,-10.4,-13.62
277,-5.26,-2.69,-4.67,-5.05
278,4.47,3.87,4.81,-1.86
279,8.27,8.37,11.84,-10.76
280,13.38,14.77,14.04,-10.36
281,20.4,21.4,14.96,5.88
282,19.1,20.69,12.83,16.71
283,8.71,10.1,5.39,14.62
284,-4.87,-4.09,-4.07,5.38
285,-9.42,-7.46,-4.19,-0.62
286,-2.23,-0.5,3.43,2.53
287,0.88,2.66,4.17,5.21
288,-3.49,0.61,-0.85,-1.79
289,-3.07,2.2,-2.46,-9.29
290,0.59,6.06,-0.2,-8.87
291,-2.78,1.71,-1.32,-7.75
292,-8.95,-7.68,-7.65,-12.76
293,-8.88,-9.14,-11.9,-13.34
294,-3.16,-4.05,-10.05,1.4
295,3.53,-2.19,-1.01,10.7
296,5.88,-4.05,5.67,3.52
297,5.42,-3.61,5.51,3.55
298,6.97,1.13,5.11,14.74
299,5.86,4.94,2.31,15.49
300,5.67,8.73,3.06,10.66
301,12.66,12.81,9.42,15.4
302,15.91,11.04,9.85,20.02
303,7.58,3.66,1.78,16.78
304,-2.69,-0.88,-3.72,9.99
305,-6.19,-0.53,0.77,3.31
306,-6.71,-3.2,3.47,-1.25
307,-5.4,-5.28,-1.46,-4.07
308,-5.58,-6.05,-7.1,-8.78
309,-4.48,-5.57,-4.96,-8.68
310,7.95,4.49,7.8,2.43
311,13.54,8.1,9.87,5.45
312,1.08,-3.56,-4.01,-6.74
313,-7.59,-6.7,-6.21,-13.07
314,-5.29,1.41,2.49,-5.9
315,-4.33,2.28,-0.26,-2.63
316,-7.29,-2.32,-8.66,-13.53
317,-6.07,-1.53,-6.43,-18.97
318,-2.18,-1.09,-1.23,-7.5
319,-0.61,-1.96,-0.17,4.6
320,1.98,1.78,2.21,7.15
321,3.29,4.12,3.15,-0.13
322,1.0,3.54,-0.04,-9.29
323,-4.12,-1.01,-6.75,-5.51
324,-8.35,-7.22,-9.15,3.64
325,-5.1,-5.32,-1.84,2.62
326,-0.12,-2.09,2.95,-4.15
327,-0.9,-3.45,1.4,-4.67
328,0.55,-1.46,0.25,-1.54
329,3.87,0.8,-2.08,-3.31
330,1.94,2.1,-2.46,-0.25
331,0.73,5.56,0.13,6.99
332,3.58,6.11,1.82,4.24
333,9.04,5.96,6.39,1.49
334,11.67,8.12,10.96,7.62
335,5.7,7.74,8.76,5.63
336,-5.48,0.35,-0.29,-6.98
337,-15.16,-6.77,-9.66,-8.8
338,-13.04,-4.25,-9.11,-1.92
339,2.52,4.53,2.8,-1.82
340,15.31,10.16,14.03,-1.59
341,14.02,6.97,12.69,2.68
342,2.44,0.47,3.46,7.11
343,-7.8,-5.51,-4.86,6.36
344,-7.89,-9.02,-7.71,-2.33
345,-4.27,-6.81,-4.32,-1.46
346,-4.71,-4.47,-3.79,6.46
347,-5.06,-3.71,-6.36,4.07
348,-3.39,-4.23,-5.5,-1.01
349,0.51,-4.52,-2.43,1.14
350,3.67,-1.65,1.03,5.49
351,-1.68,-1.66,0.7,1.1
352,-8.64,-5.69,-4.01,-9.13
353,-7.12,-8.54,-4.37,-10.47
354,0.22,-6.49,2.56,-1.71
355,4.81,-1.01,6.63,2.68
356,-0.37,-0.0,-0.21,-4.18
357,-3.92,0.38,-4.5,-9.53
358,3.56,6.72,2.59,0.2
359,8.83,11.8,9.53,14.28
360,4.98,10.74,10.4,10.91
361,-1.51,4.71,4.61,-4.36
362,1.86,2.82,1.61,-8.01
363,15.56,9.84,9.15,1.05
364,16.95,10.56,10.97,8.12
365,4.78,2.82,5.16,8.86
366,-1.21,0.13,4.18,6.88
367,-0.47,1.97,3.23,2.99
368,-0.48,0.61,0.23,0.26
369,-2.98,-2.96,-0.64,1.47
370,-5.44,-3.8,-2.4,2.31
371,-6.38,-4.79,-6.94,-2.31
372,-3.98,-5.44,-8.14,-7.88
373,-1.99,-6.6,-7.43,-9.8
374,-7.83,-10.98,-11.17,-11.08
375,-12.61,-9.96,-13.93,-8.83
376,-11.31,-5.91,-13.35,-6.96
377,-7.37,-4.95,-11.4,-5.88
378,-5.8,-6.62,-8.4,-3.22
379,-7.46,-8.55,-4.46,-0.76
380,-1.57,-3.86,0.97,5.0
381,4.03,0.5,2.53,4.22
382,3.28,1.13,2.43,1.31
383,2.37,1.21,1.96,2.88
384,-0.26,-1.36,-1.87,-0.53
385,-1.57,-1.01,-1.2,-2.04
386,-2.72,-0.2,1.67,-1.45
387,-2.95,-1.68,2.5,0.22
388,2.47,2.21,6.01,7.23
389,7.76,8.48,9.69,7.92
390,9.36,10.74,9.95,5.79
391,8.95,8.66,6.8,6.94
392,5.14,3.98,2.52,3.8
393,-0.73,1.33,2.04,1.78
394,-2.5,3.0,7.7,5.31
395,-2.08,4.86,12.1,0.61
396,-8.7,-0.53,5.26,-18.78
397,-17.25,-11.05,-6.79,-32.7
398,-14.16,-13.4,-11.06,-30.61
399,-5.6,-9.04,-10.15,-20.08
