,ch1,ch2,ch3,ch4
0,-1.25,-1.0,-2.66,-0.56
1,-0.25,-1.74,-1.71,2.36
2,-2.03,-2.88,-2.01,-2.19
3,-7.75,-6.75,-5.04,-9.03
4,-10.2,-6.61,-3.94,-10.34
5,-8.93,-2.29,-1.68,-10.64
6,-5.88,-0.17,-1.6,-8.76
7,0.74,1.06,2.2,-0.94
8,4.92,1.96,6.58,3.83
9,8.69,3.92,8.59,2.01
10,10.01,3.01,6.07,-3.68
11,5.6,0.69,2.95,-5.25
12,-1.84,0.35,2.93,-1.51
13,-11.58,-3.83,-0.17,-1.81
14,-12.56,-7.11,-3.02,-3.58
15,-5.93,-4.74,-2.47,-5.94
16,0.3,0.66,1.7,-1.83
17,4.34,4.42,4.76,5.59
18,3.09,4.1,2.45,2.79
19,0.82,1.97,1.27,2.35
20,-4.76,-3.92,-2.31,-1.56
21,-7.51,-5.15,-3.86,-8.38
22,-4.89,-2.12,-1.71,-5.96
23,-5.56,-6.22,-5.15,-5.71
24,1.34,-5.26,-2.68,-0.84
25,8.64,0.61,2.3,4.46
26,6.32,1.52,0.81,2.35
27,3.57,1.51,-0.12,2.79
28,-0.03,-0.52,-1.96,1.35
29,-3.88,-1.48,-2.05,-0.33
30,-4.67,-0.22,-0.64,2.0
31,1.4,2.02,-0.32,3.76
32,7.48,3.9,-1.66,1.2
33,3.87,1.9,-2.53,-1.81
34,0.28,2.58,3.78,0.82
35,-0.04,4.97,6.84,-1.41
36,-2.65,5.44,5.23,-8.3
37,-6.09,4.39,3.74,-6.46
38,-3.24,2.33,0.58,2.68
39,6.48,4.56,2.94,8.59
40,6.06,2.09,1.38,3.5
41,-0.71,-4.94,-5.85,2.19
42,1.05,-4.33,-6.54,5.13
43,8.21,1.15,-1.93,2.62
44,13.65,4.99,2.92,3.8
45,7.09,0.15,-2.6,-0.05
46,3.19,-2.8,-7.92,-2.07
47,12.79,4.53,0.9,5.53
48,14.94,8.41,10.13,9.3
49,7.09,4.94,11.0,10.6
50,-1.01,-3.52,-1.07,3.54
51,-7.45,-9.77,-10.6,-4.53
52,-10.19,-7.93,-0.32,0.81
53,-10.41,-5.5,7.96,4.38
54,-10.18,-5.0,1.71,-2.03
55,-9.69,-4.35,-5.84,-8.8
56,-1.84,1.88,-0.35,-3.56
57,5.75,6.08,5.34,3.71
58,1.88,0.54,-1.9,-2.37
59,-1.9,0.68,-3.48,-6.2
60,-8.81,0.68,-1.72,-6.35
61,-14.06,-3.78,-1.57,-6.71
62,-10.53,-6.4,-2.75,-4.55
63,-7.19,-6.11,-4.54,-5.09
64,-4.29,1.38,3.49,-3.65
65,-10.24,1.0,2.67,-7.63
66,-13.97,-3.17,-6.54,-11.95
67,-4.75,0.93,-5.24,-1.38
68,-1.11,2.56,0.59,9.21
69,-6.74,-0.61,2.52,4.89
70,-11.38,-1.47,-3.65,-14.43
71,-2.76,9.88,-2.24,-22.39
72,9.32,23.21,13.47,-6.37
73,5.76,24.08,20.04,2.4
74,-1.92,22.9,12.7,-3.62
75,-1.86,21.36,5.84,-4.39
76,5.07,16.33,6.48,7.43
77,3.32,10.68,6.56,10.13
78,-5.76,9.03,5.37,-5.46
79,1.88,15.21,13.38,-15.5
80,12.33,15.48,13.92,-16.62
81,8.83,1.99,-8.76,-10.37
82,-4.55,-15.87,-32.99,2.89
83,-13.79,-13.53,-19.65,14.98
84,-5.06,6.26,18.43,23.8
85,-2.39,0.44,22.22,15.67
86,-8.95,-18.42,-1.14,-12.13
87,4.38,-18.67,-20.31,-40.9
88,24.36,-1.12,-19.01,-47.38
89,32.53,35.1,20.03,-56.33
90,17.27,27.55,38.55,-68.24
91,-17.12,-35.33,6.11,3.52
92,-13.78,-45.66,-16.65,66.56
93,2.69,-23.45,-21.33,1.54
94,-31.64,-38.99,-29.07,-13.93
95,-42.34,-40.89,-26.96,70.92
96,-1.41,-16.3,-14.79,126.41
97,-0.17,-16.4,-11.79,143.9
98,-30.53,-35.27,-21.53,93.5
99,-35.06,-57.23,-32.65,10.16
100,-19.67,-94.43,-57.61,-26.29
101,2.63,-104.37,-72.29,-38.83
102,5.03,-56.91,-31.21,-52.58
103,-6.54,-14.8,20.39,-68.4
104,7.74,7.78,43.51,-51.74
105,26.46,23.65,38.94,-14.5
106,35.7,32.16,6.6,6.47
107,46.45,39.3,-17.45,-4.03
108,36.88,22.38,-20.79,-28.59
109,4.03,39.38,-15.6,34.54
110,-10.2,88.21,1.56,116.41
111,1.81,88.19,13.19,83.41
112,-4.17,42.44,-2.31,2.92
113,-27.29,8.87,-24.04,-49.99
114,-27.34,57.73,-15.13,-89.61
115,-11.59,122.83,-5.37,-107.8
116,-5.67,100.8,-14.5,-70.28
117,-9.57,44.24,6.45,-27.51
118,-20.41,48.17,41.39,-6.68
119,-25.78,106.51,53.19,28.82
120,-23.09,114.11,56.47,33.33
121,-21.23,39.58,58.34,-10.1
122,-4.97,-31.25,38.56,-18.23
123,22.86,-47.17,-2.19,8.28
124,40.03,-24.44,-15.28,-1.37
125,32.27,-6.06,13.45,-11.08
126,18.02,-13.45,36.02,30.0
127,26.99,-9.7,26.83,62.26
128,33.99,-25.46,9.08,34.65
129,28.53,-73.7,11.29,-5.41
130,30.58,-70.5,20.93,-10.08
131,30.57,-34.48,12.25,4.75
132,24.0,-24.93,-1.77,12.56
133,19.47,-40.02,-3.22,11.29
134,18.82,-53.85,0.44,26.23
135,21.87,-53.49,-7.74,36.22
136,18.64,-42.14,-5.7,16.06
137,7.27,-12.72,16.99,-5.28
138,3.49,-0.26,21.51,-12.54
139,4.78,-37.03,2.9,-1.12
140,-0.28,-62.84,-4.09,16.07
141,0.73,-33.5,14.0,21.7
142,4.33,-11.16,8.13,13.46
143,-1.17,-23.01,-31.06,8.11
144,0.59,-20.31,-34.27,11.31
145,1.46,-12.89,-2.6,-2.91
146,-7.31,-8.11,19.66,-14.96
147,-10.35,4.61,22.37,-9.98
148,-7.44,-0.74,4.65,-17.39
149,-2.73,-8.89,-10.79,-22.9
150,2.0,1.17,-17.68,-7.69
151,8.35,16.0,-24.88,6.23
152,5.91,20.43,-15.71,1.51
153,-6.44,19.18,7.56,-5.46
154,-4.52,27.52,20.33,-0.82
155,4.63,29.17,12.29,-1.61
156,0.31,15.12,-8.71,-5.95
157,-7.14,5.55,-26.41,-4.67
158,-5.71,4.78,-26.95,-10.19
159,-6.47,4.05,-8.44,-18.23
160,-16.68,-0.18,8.42,-17.16
161,-18.44,-2.96,6.49,-8.74
162,-8.76,-5.13,-2.06,1.36
163,-4.34,-8.45,-5.19,2.03
164,-2.49,-7.22,-6.12,0.47
165,-0.47,-3.95,-7.09,3.37
166,1.42,2.58,-0.86,6.2
167,1.13,3.97,2.79,7.03
168,-4.06,-8.52,-4.49,0.02
169,-3.25,-14.3,-2.68,-3.06
170,-2.37,-10.61,7.63,-0.15
171,-4.21,-11.05,7.94,2.05
172,-0.21,-10.6,0.78,4.25
173,6.24,-4.17,1.71,2.83
174,12.51,5.3,11.67,6.66
175,6.98,5.03,7.48,9.01
176,-6.67,-5.85,-11.43,-0.41
177,-12.53,-13.24,-20.87,-10.22
178,-11.03,-9.93,-13.6,-14.03
179,-5.98,-0.45,-4.78,-12.88
180,-4.3,3.91,-8.02,-4.86
181,-2.06,8.19,-8.23,6.3
182,-2.0,9.17,-6.17,-0.88
183,-7.91,3.42,-9.37,-13.99
184,-6.31,6.77,-1.96,-10.55
185,-3.43,14.92,7.12,-7.11
186,-4.12,17.35,4.95,-4.7
187,-0.93,16.1,0.73,3.75
188,6.37,18.82,6.94,14.7
189,14.23,25.07,17.16,22.28
190,13.08,22.28,12.61,20.68
191,7.44,15.39,6.04,17.84
192,3.82,11.69,5.91,12.48
193,-2.36,6.33,0.73,0.34
194,-2.33,4.16,0.74,-5.16
195,3.55,5.36,3.45,-3.88
196,5.79,6.15,-0.67,-3.14
197,0.64,3.22,-4.47,-4.29
198,-8.67,-3.74,-6.41,-4.29
199,-11.72,-6.77,-6.3,0.51
200,-13.99,-10.0,-7.91,-3.25
201,-11.43,-9.6,-5.57,-10.17
202,2.79,-0.92,3.1,-10.11
203,9.76,1.87,3.55,-12.37
204,3.58,-4.12,-0.9,-4.72
205,-2.52,-8.17,-0.83,12.59
206,2.0,-3.55,4.1,17.73
207,8.64,-0.97,7.22,7.9
208,5.86,-6.64,3.88,-3.52
209,6.15,-6.31,3.06,-1.3
210,9.86,-2.32,3.48,6.0
211,7.83,-3.19,2.25,11.38
212,2.16,-3.2,2.53,7.75
213,-1.23,-1.28,-0.34,-3.59
214,-1.55,-3.85,-4.8,2.3
215,-10.94,-11.52,-10.63,6.15
216,-17.82,-13.16,-13.75,-2.78
217,-10.86,-11.21,-11.95,-6.65
218,-4.4,-10.78,-10.01,-8.23
219,0.72,-3.13,-2.05,-5.92
220,0.93,3.14,3.08,-4.91
221,-5.36,2.92,0.37,-3.6
222,-9.14,2.37,-0.71,0.6
223,-7.68,1.39,0.65,-4.92
224,-5.62,1.0,1.2,-13.2
225,-6.97,0.56,-4.44,-12.17
226,0.59,6.28,-3.82,-3.01
227,6.03,9.67,2.4,4.94
228,-4.24,2.68,-1.99,4.64
229,-7.35,2.45,-3.08,4.34
230,-3.43,3.38,-0.2,2.41
231,-2.57,0.1,-0.1,-5.25
232,-2.31,2.46,3.18,-5.87
233,-1.04,5.97,4.69,-0.01
234,7.56,9.96,3.56,2.93
235,13.14,12.08,2.24,1.7
236,9.37,7.48,4.86,1.28
237,1.09,-1.69,3.05,0.03
238,-5.15,-5.24,-4.65,-2.02
239,-6.45,-0.48,-4.09,-2.49
240,-10.14,-1.84,-3.46,-9.36
241,-6.26,-2.09,-2.57,-7.98
242,6.19,5.59,3.46,6.32
243,7.41,5.66,5.36,6.39
244,-2.8,-1.36,3.26,-6.03
245,-9.71,-5.78,0.32,-11.03
246,-1.05,-0.88,2.7,-3.06
247,9.29,3.41,4.31,7.68
248,2.1,-3.51,-4.13,7.94
249,-4.45,-4.03,-5.94,9.3
250,-1.39,1.95,1.3,10.93
251,-2.53,1.18,5.62,-4.08
252,-11.28,-4.6,2.04,-27.74
253,-14.79,-6.43,-3.11,-33.36
254,-6.58,-0.61,1.01,-11.6
255,-3.3,-1.41,-0.92,1.57
256,0.3,-3.27,-8.46,2.37
257,9.26,1.51,-8.27,13.28
258,8.18,1.63,-6.39,21.1
259,6.0,1.91,-2.24,21.16
260,3.55,-0.8,-4.22,14.97
261,-4.93,-8.2,-10.24,9.57
262,-7.87,-5.59,-1.99,6.91
263,-0.5,6.37,12.54,-0.43
264,10.85,16.24,18.83,-3.38
265,9.8,13.36,13.19,-4.19
266,-4.27,1.02,4.02,-9.83
267,-11.67,-4.34,1.38,-17.25
268,-2.93,4.11,4.49,-18.73
269,8.63,12.98,6.8,-10.03
270,7.11,8.54,4.15,2.14
271,4.38,3.2,4.76,12.11
272,5.85,2.24,3.22,8.69
273,2.0,-0.1,-4.75,-3.12
274,0.3,2.52,-4.33,-3.79
275,0.35,1.23,-2.75,-2.27
276,-6.02,-8.86,-7.9,-5.08
277,-15.78,-16.0,-13.56,-7.89
278,-18.73,-15.87,-15.37,-7.84
279,-15.86,-12.23,-10.72,-5.27
280,-16.34,-10.85,-8.62,-8.86
281,-8.87,-3.74,-4.95,-2.68
282,5.58,6.74,3.5,10.32
283,14.05,8.37,6.76,8.56
284,16.96,9.05,10.15,4.16
285,9.33,9.69,10.38,0.82
286,-0.11,6.77,4.63,-2.02
287,-1.58,2.29,0.37,1.17
288,1.64,0.14,1.36,5.0
289,4.95,3.58,5.95,6.47
290,-2.78,-0.13,0.49,1.84
291,-7.38,-5.77,-5.79,-3.79
292,2.37,-1.4,-3.24,-0.29
293,11.12,1.79,-2.39,8.5
294,13.04,0.39,-2.35,11.85
295,5.41,-4.21,-6.93,5.25
296,-0.49,-5.5,-7.35,0.53
297,4.01,1.25,4.4,5.08
298,5.53,3.72,7.86,10.81
299,2.51,-0.66,-0.25,11.33
300,-2.98,-5.7,-8.16,6.65
301,-3.9,-2.9,-5.19,5.98
302,-0.94,2.82,0.29,4.92
303,-3.66,0.4,-3.82,-4.96
304,4.32,3.44,3.85,-5.63
305,13.76,5.74,13.78,0.0
306,3.95,-3.18,4.8,-1.4
307,-6.59,-6.42,-6.3,-3.99
308,-5.14,-2.18,-7.09,-2.93
309,-1.24,0.98,-0.65,2.68
310,-3.05,0.2,-0.01,0.67
311,-7.83,-4.36,-4.79,-4.7
312,-8.99,-7.07,-3.75,-0.82
313,-2.26,-0.88,3.49,5.18
314,4.72,6.84,8.28,-1.17
315,3.39,3.95,4.44,-12.73
316,5.0,1.96,7.09,-2.49
317,0.61,1.15,7.85,4.05
318,-11.74,-3.81,-6.71,-11.92
319,-5.6,0.74,-10.41,-9.4
320,0.25,1.87,-3.31,3.69
321,-8.81,-11.37,-1.11,0.35
322,-14.63,-18.81,-2.35,-11.36
323,-11.19,-10.91,-2.01,-19.94
324,-2.31,1.86,4.26,-12.33
325,1.55,5.18,5.13,-0.63
326,6.98,7.19,3.85,6.63
327,7.99,13.55,4.74,4.55
328,-6.89,13.46,-0.8,-6.7
329,-14.17,11.07,-2.45,-4.94
330,-7.6,8.13,-1.79,0.05
331,9.03,9.43,-2.51,9.85
332,17.42,11.23,0.9,20.69
333,3.16,9.01,6.4,8.15
334,-4.8,11.45,8.36,-6.61
335,-4.46,9.58,1.49,-11.43
336,-2.18,7.29,-1.41,-6.86
337,3.31,7.15,-0.68,3.55
338,10.34,4.08,-0.68,8.83
339,16.38,3.1,4.79,7.26
340,4.9,-3.07,2.3,-3.9
341,-3.78,-6.43,0.52,-1.45
342,-0.83,-4.55,5.7,11.61
343,0.02,-6.88,4.62,11.87
344,7.39,-6.61,4.91,5.01
345,8.35,-13.78,-2.09,-5.75
346,3.59,-23.49,-14.33,-3.61
347,4.02,-19.08,-14.88,5.23
348,0.84,-12.06,-11.08,0.25
349,0.93,-9.77,-6.19,-4.61
350,2.55,-11.64,-1.99,-1.67
351,-1.36,-12.34,-1.62,4.86
352,-4.4,-11.01,-7.44,3.02
353,-3.08,-11.64,-11.22,-5.17
354,1.21,-7.13,-0.16,-1.47
355,-1.27,-1.51,7.5,1.03
356,-6.24,-1.61,0.43,-7.33
357,-3.31,0.07,-3.07,-10.69
358,4.89,8.08,6.13,-2.39
359,12.39,11.33,11.84,8.3
360,3.88,0.09,-1.17,3.5
361,-9.0,-1.38,-7.42,-10.31
362,-5.7,15.06,6.78,-11.77
363,0.58,16.41,11.93,-2.6
364,1.74,4.37,4.47,-0.26
365,-1.37,-1.93,-2.05,-6.29
366,-2.35,0.92,1.29,-5.28
367,7.85,9.92,11.96,5.35
368,0.48,5.53,9.23,9.26
369,-27.19,-5.69,-1.25,-4.41
370,-23.6,-0.99,-2.14,-8.54
371,2.56,12.31,7.55,6.54
372,4.98,12.72,13.42,4.88
373,-10.92,-5.04,4.18,-7.83
374,-16.27,-12.92,-1.93,-14.79
375,-17.19,-6.9,-1.06,-16.98
376,-26.22,-12.2,-5.49,-3.65
377,-49.37,-32.25,-16.28,-2.25
378,-49.72,-31.75,-15.24,-19.35
379,-0.3,4.06,4.98,-19.2
380,21.67,21.68,13.92,-6.6
381,6.96,7.56,7.17,4.46
382,9.67,3.43,1.74,10.59
383,27.9,19.87,4.29,16.5
384,21.85,13.45,0.51,17.55
385,3.46,-7.19,-6.68,5.0
386,26.39,13.05,6.28,4.83
387,50.83,36.32,16.05,22.32
388,53.44,36.21,19.62,40.76
389,73.27,47.37,37.25,51.28
390,78.47,48.95,37.44,42.73
391,47.62,29.2,16.45,22.35
392,20.61,13.98,5.97,3.86
393,11.12,7.24,8.4,-7.73
394,17.82,10.86,13.9,1.53
395,17.42,6.84,4.77,18.68
396,-2.6,-9.88,-10.39,16.36
397,-8.7,-13.44,-11.9,9.19
398,6.45,-2.89,-8.89,12.08
399,9.09,0.43,-9.88,12.39
