,ch1,ch2,ch3,ch4
0,-7.93,-11.72,-12.85,4.62
1,-12.12,-14.06,-13.21,1.42
2,-10.98,-10.86,-10.81,-3.69
3,-6.75,-4.89,-3.47,-10.25
4,1.61,3.33,3.18,-15.38
5,-0.81,1.38,-1.13,-20.75
6,-9.68,-4.82,-5.58,-20.53
7,-11.63,-4.44,-3.99,-16.57
8,-4.72,-0.96,1.33,-12.01
9,-1.66,-2.89,1.09,-9.74
10,-1.78,-4.32,-0.8,-5.39
11,6.03,3.65,5.1,3.47
12,7.8,5.76,3.65,5.92
13,-0.51,-1.87,-4.14,2.43
14,-12.45,-10.28,-9.9,-5.86
15,-16.89,-10.13,-9.51,-10.18
16,-5.83,-0.68,-1.9,-7.04
17,0.89,1.56,0.33,-9.18
18,1.47,0.13,2.74,-6.2
19,-0.08,-0.9,3.33,2.49
20,-5.07,-2.02,-0.63,6.49
21,-0.69,3.64,2.57,9.14
22,7.85,6.63,3.59,5.75
23,7.75,2.99,0.26,0.94
24,0.78,-0.45,-1.4,0.18
25,-1.15,0.36,-0.21,1.15
26,-2.0,0.02,0.33,-1.72
27,-8.25,-5.09,-4.15,-7.26
28,-7.3,-3.95,-2.71,0.43
29,-5.68,-2.4,-0.99,8.45
30,-1.08,-0.84,0.69,8.91
31,9.65,4.6,8.18,7.14
32,7.33,1.04,7.28,-2.45
33,4.45,0.23,5.25,-4.11
34,5.9,5.98,5.33,-1.83
35,6.33,8.57,4.46,4.4
36,11.63,10.14,6.74,21.16
37,11.07,6.72,5.36,25.51
38,6.63,2.32,3.46,18.66
39,1.97,-2.67,-0.98,9.84
40,-3.88,-8.15,-6.28,5.96
41,-7.05,-8.71,-3.95,8.91
42,-6.95,-8.16,-0.91,3.65
43,-3.1,-7.4,-1.77,-3.92
44,-3.84,-7.5,-6.11,-6.89
45,-3.52,-3.57,-4.85,-11.91
46,5.19,3.89,2.68,-10.53
47,10.81,4.96,4.12,-0.12
48,9.41,2.92,0.44,5.21
49,-0.57,-0.94,-7.06,-3.67
50,-8.07,-2.17,-9.66,-6.65
51,-4.0,2.18,-2.86,2.32
52,-5.59,0.09,-2.33,-2.45
53,-11.31,-4.14,-4.59,-12.82
54,-12.23,-5.37,-6.89,-16.6
55,-10.28,-3.1,-6.03,-11.31
56,-8.39,4.12,6.06,-3.35
57,-7.96,7.85,13.35,-8.64
58,-0.54,12.98,12.0,-10.73
59,1.47,16.49,4.97,-9.14
60,-0.95,14.99,1.73,-9.14
61,7.26,16.67,10.55,1.02
62,6.59,15.06,12.96,6.85
63,-4.22,9.73,3.54,2.81
64,-10.89,3.9,-9.66,-7.03
65,-8.93,-1.55,-9.81,-11.66
66,-1.51,-5.03,5.12,-7.5
67,-0.47,-7.77,11.4,-9.5
68,-2.17,-3.62,6.51,-4.27
69,-7.36,0.14,-6.47,5.59
70,-14.99,-7.77,-13.13,4.38
71,-13.67,-18.04,-2.89,-4.07
72,-1.1,-14.46,-0.63,-8.55
73,11.81,1.65,-7.25,-0.16
74,-5.98,-6.8,-13.29,-2.63
75,-33.18,-31.3,-16.49,-15.2
76,-18.01,-22.1,-4.62,-13.27
77,16.2,7.96,10.87,-3.98
78,37.48,27.5,19.16,15.7
79,35.13,19.38,15.2,34.47
80,18.34,-5.75,2.84,12.64
81,13.15,-8.73,2.08,-34.05
82,7.48,5.31,4.67,-37.66
83,0.57,15.36,3.21,-5.97
84,-8.69,8.48,-7.54,-10.94
85,-21.88,-16.58,-23.64,-34.36
86,-24.78,-31.79,-24.9,-11.97
87,-26.65,-27.28,-18.45,32.81
88,-17.25,-8.67,-8.0,23.75
89,-6.56,10.57,2.32,-30.45
90,-22.55,-4.98,-8.92,-17.34
91,-42.0,-31.67,-37.55,52.42
92,-42.94,-29.79,-47.02,66.81
93,-27.1,-24.57,-32.96,55.29
94,-5.15,9.23,-8.34,60.9
95,0.11,-23.41,8.69,39.63
96,7.84,-53.83,16.16,-8.62
97,33.38,74.49,30.17,-28.27
98,29.57,101.49,13.02,-23.57
99,8.52,0.25,-16.68,-36.22
100,21.35,-66.39,-10.16,-38.18
101,30.54,-90.83,-0.08,-15.63
102,3.88,-47.76,-7.77,17.13
103,-0.79,42.28,-5.1,40.78
104,29.09,96.02,7.84,-4.68
105,33.74,70.6,7.29,-43.31
106,6.08,55.7,-2.31,23.52
107,1.15,91.85,-2.24,81.47
108,28.69,101.16,13.33,59.58
109,26.79,43.66,19.69,15.85
110,4.66,26.03,11.52,-4.21
111,6.81,81.98,-2.09,6.45
112,5.22,76.22,-15.57,4.54
113,-10.54,-7.84,-9.31,-42.08
114,-18.64,-81.46,-16.69,-64.91
115,-8.9,-73.12,-26.05,-16.21
116,-3.73,-8.79,22.17,7.1
117,-11.47,27.87,76.07,-36.18
118,-8.64,62.02,86.75,-61.75
119,-3.57,65.39,64.39,-40.41
120,-2.75,13.82,36.74,3.82
121,-1.61,-34.99,31.74,52.58
122,11.67,-58.5,22.31,51.08
123,25.43,-37.52,-13.11,5.1
124,10.65,-22.79,-28.67,-4.57
125,7.13,-21.51,7.09,16.64
126,20.43,-33.35,22.33,5.39
127,11.06,-72.76,-8.16,-6.75
128,4.49,-64.98,-8.77,20.89
129,15.28,-30.05,9.64,31.94
130,20.7,-31.76,-1.78,9.32
131,19.82,-24.71,-13.7,-1.82
132,21.73,6.13,-12.52,2.74
133,14.74,-7.22,-22.28,1.23
134,-6.23,-57.84,-28.97,-12.44
135,-14.6,-58.45,-8.31,-23.68
136,-7.39,-20.4,8.99,-22.16
137,-8.83,-29.34,0.99,-22.89
138,-10.42,-44.37,-3.76,-12.71
139,0.01,-26.1,-10.59,14.82
140,10.18,-22.67,-9.69,25.93
141,13.48,-20.94,14.82,27.1
142,21.56,12.11,17.88,36.88
143,27.26,23.12,4.69,40.61
144,6.74,-14.52,3.8,24.07
145,-14.8,-17.61,5.49,-4.77
146,-13.73,2.68,2.5,-25.31
147,-8.43,-9.19,-13.01,-27.89
148,-6.44,-4.01,-22.64,-18.6
149,-6.58,22.38,-10.84,-18.53
150,-5.82,18.71,0.2,-24.99
151,-5.07,0.11,0.76,-18.23
152,-8.16,7.52,0.04,-9.72
153,-11.01,16.7,0.92,-12.74
154,-13.5,1.81,-4.74,-21.88
155,-8.54,1.81,-13.5,-15.08
156,0.6,20.17,-14.14,4.95
157,-3.49,13.9,-14.21,2.91
158,-9.8,2.64,-10.55,-7.97
159,-6.4,12.66,3.08,-1.84
160,-2.2,17.96,13.55,8.54
161,3.01,16.02,7.74,12.55
162,6.95,16.89,-1.36,8.48
163,2.99,9.09,6.45,3.98
164,-0.27,1.02,9.76,-0.47
165,4.78,10.81,5.15,-5.98
166,6.14,13.88,5.85,-2.36
167,-0.59,-2.86,-3.61,3.23
168,-3.75,-9.89,-15.85,5.89
169,-4.37,-6.82,-15.27,4.85
170,-0.81,-3.59,-4.44,1.34
171,4.6,-0.43,5.63,3.05
172,-0.44,-2.54,8.96,3.05
173,-3.47,-1.13,12.63,5.17
174,-1.61,-0.11,8.06,5.46
175,-0.9,-2.75,-1.92,-5.85
176,6.4,4.2,-0.67,-7.55
177,12.34,13.94,3.77,7.54
178,10.65,14.35,2.97,17.06
179,0.93,3.65,-5.2,6.92
180,-5.38,-2.52,-9.2,-1.15
181,-1.03,2.71,-4.25,5.47
182,-1.41,1.98,-5.01,11.41
183,0.24,3.75,-1.48,15.24
184,7.49,10.78,4.64,10.48
185,7.79,8.76,0.12,-0.17
186,6.19,8.4,-0.05,1.72
187,6.8,12.42,5.88,10.16
188,5.53,9.89,6.21,11.23
189,1.04,1.59,1.43,2.52
190,2.18,1.97,3.42,-2.34
191,4.43,6.37,6.96,-0.08
192,-3.48,-0.3,-0.01,-2.86
193,-8.65,-0.32,-2.59,-5.98
194,-9.23,8.49,0.1,-8.06
195,-5.23,12.39,3.97,-5.53
196,0.33,12.75,6.85,-2.86
197,-2.81,11.58,1.21,-7.1
198,-1.88,9.96,-1.21,-3.16
199,-2.62,-0.65,-3.7,-1.84
200,-8.76,-8.1,-6.72,-9.65
201,-7.71,-3.82,-4.58,-12.85
202,-6.07,-5.55,-4.95,-7.27
203,-4.97,-7.65,-1.43,4.74
204,-7.21,-8.8,-1.46,-0.12
205,-5.14,-9.82,-4.79,-7.96
206,0.08,-5.33,-2.29,0.73
207,-6.43,-1.02,-1.26,2.22
208,-1.48,4.93,4.73,-0.11
209,9.14,5.78,4.92,-4.88
210,3.91,3.03,-4.44,-9.34
211,-3.27,0.61,-7.26,-3.59
212,-3.4,-4.28,-4.07,-0.57
213,6.45,3.54,7.94,2.48
214,12.09,12.84,17.29,8.3
215,3.88,5.07,14.48,9.01
216,-4.7,-3.95,7.18,1.53
217,-7.78,-4.93,-2.36,-6.49
218,-7.2,-3.91,-5.96,-3.14
219,-7.39,-6.0,-4.44,3.45
220,-4.79,-7.1,-2.94,9.55
221,-4.1,-7.85,-3.03,11.44
222,-10.89,-13.94,-8.39,-0.47
223,-6.32,-12.0,-7.73,-11.34
224,2.45,-3.09,-1.74,-12.39
225,2.13,-0.45,0.86,-7.32
226,1.99,-0.11,1.47,0.47
227,-1.01,0.86,-0.72,2.48
228,-5.56,1.06,-0.58,-0.55
229,-6.39,-2.58,-1.59,-1.6
230,-1.95,-2.81,-4.56,0.25
231,2.19,2.51,-1.56,-3.65
232,-0.28,1.33,1.32,-9.44
233,-2.84,-0.94,-1.69,-4.36
234,-4.13,1.53,-4.21,-1.12
235,2.38,5.74,2.63,2.21
236,8.99,5.58,5.2,10.5
237,2.53,-0.33,-4.67,6.23
238,0.01,-2.16,-6.39,-2.16
239,-0.81,-4.09,-4.11,-7.76
240,-7.44,-5.48,-7.74,-9.65
241,-6.94,-1.3,-6.27,-2.32
242,-3.4,-1.0,-1.59,2.59
243,1.04,0.86,1.61,1.92
244,6.78,6.94,3.38,0.48
245,8.75,7.57,5.84,5.1
246,5.26,3.86,6.04,10.58
247,-4.02,0.65,-0.79,0.81
248,-7.24,-0.22,-4.43,-8.01
249,-5.46,-2.82,-4.55,-5.89
250,-2.84,1.36,-1.28,-4.45
251,4.11,11.67,7.44,-1.48
252,7.93,9.31,8.05,4.22
253,4.25,1.87,0.85,6.15
254,-3.81,-1.1,-3.0,2.44
255,-6.07,-2.02,1.29,-0.23
256,-7.05,-3.25,1.59,-5.3
257,-10.72,-5.89,-7.43,-8.82
258,-2.59,-2.5,-6.27,2.88
259,6.89,2.35,2.14,10.64
260,7.43,4.82,6.69,5.01
261,1.22,2.34,3.39,-4.1
262,-8.05,-5.21,-5.03,-9.45
263,-4.44,-1.86,-2.18,-1.55
264,0.6,2.32,0.72,1.88
265,-0.72,-0.35,-3.93,-2.1
266,3.02,0.45,-3.57,1.46
267,5.71,2.57,-0.31,5.4
268,6.49,6.19,3.47,5.29
269,5.95,7.72,3.54,2.57
270,5.9,6.51,2.93,1.17
271,4.43,2.34,1.78,-3.18
272,-1.23,-4.08,-1.87,-7.92
273,0.89,-1.06,3.48,2.52
274,2.74,1.23,6.25,12.02
275,0.1,-3.14,2.19,9.99
276,2.55,0.31,3.73,11.35
277,3.84,5.59,5.7,12.17
278,-2.62,-1.0,2.34,-4.64
279,-16.36,-16.19,-6.41,-35.62
280,-20.35,-19.52,-6.28,-45.88
281,-14.21,-10.06,-0.32,-30.39
282,-13.21,-5.72,-4.49,-14.12
283,-2.78,0.27,-2.7,6.03
284,12.54,9.14,2.56,21.58
285,16.06,11.89,0.77,22.51
286,15.53,10.5,1.96,25.97
287,12.25,4.45,4.33,32.67
288,6.49,-1.87,3.26,27.93
289,1.2,-4.7,-2.57,8.59
290,0.92,-3.69,-5.1,-3.52
291,0.85,-2.9,-4.47,-4.61
292,-4.9,-4.41,-7.58,-7.92
293,-2.06,1.2,-2.32,-7.62
294,-0.21,5.78,2.7,-12.92
295,-8.04,0.86,-1.05,-21.56
296,-10.57,-6.18,-2.19,-20.67
297,-7.29,-9.2,-3.54,-13.44
298,-1.78,-3.75,-3.18,0.01
299,-3.96,-2.81,-2.2,2.09
300,-7.66,-6.07,-0.5,-6.58
301,2.61,3.63,5.68,-4.85
302,12.86,16.89,5.84,2.82
303,11.22,18.64,2.27,7.78
304,-1.3,3.73,-2.11,-0.37
305,-8.28,-10.52,-4.3,-7.14
306,-3.32,-10.19,0.12,-0.32
307,-3.98,-9.77,1.16,0.12
308,-4.44,-6.89,0.35,0.04
309,0.39,1.91,-1.57,4.4
310,4.07,7.6,-4.33,6.63
311,3.49,4.81,-4.63,1.56
312,-2.32,-4.06,-4.43,-7.11
313,0.1,-5.8,3.39,-0.58
314,4.34,-5.34,8.2,7.36
315,0.61,-7.49,3.19,6.77
316,-2.63,-4.31,-1.13,7.04
317,-3.52,0.49,-6.35,0.84
318,0.8,3.71,-5.88,-10.35
319,4.37,4.09,0.47,-13.21
320,6.01,5.52,4.1,3.68
321,8.89,6.9,6.54,20.06
322,4.08,0.15,6.62,14.3
323,-0.73,-3.98,5.4,5.33
324,0.7,-0.62,1.68,2.47
325,4.53,6.2,-0.58,5.19
326,5.87,12.98,2.21,7.09
327,0.12,10.65,1.22,3.88
328,-1.62,7.22,-1.07,7.98
329,-3.22,5.52,-4.54,7.66
330,-5.48,2.28,-5.3,-0.7
331,2.67,5.23,3.02,1.65
332,9.19,10.22,8.39,8.24
333,7.78,10.29,6.82,7.25
334,2.33,3.65,0.57,-0.23
335,-0.93,-1.67,-1.62,-3.21
336,-1.2,-0.67,1.99,-2.03
337,-4.34,-0.59,-0.91,-5.22
338,-2.27,1.43,-2.65,-1.74
339,0.56,2.83,-1.26,0.2
340,-4.86,-2.48,-4.96,-7.32
341,-8.04,-5.4,-4.7,-10.8
342,-4.15,0.25,3.94,-9.8
343,4.66,7.91,11.11,-1.4
344,8.53,7.54,10.5,7.95
345,7.36,5.72,12.06,10.53
346,7.35,6.19,14.08,8.32
347,4.38,3.73,9.5,-1.58
348,3.89,4.19,7.69,-5.03
349,0.17,0.11,1.59,-4.03
350,-0.89,-3.6,1.3,-1.76
351,9.92,3.54,13.98,9.74
352,12.26,5.44,13.09,11.09
353,6.39,1.37,4.93,2.11
354,1.16,-2.77,-0.21,-2.32
355,-3.65,-6.58,-7.61,-1.86
356,-6.98,-8.45,-12.82,-5.45
357,-10.29,-9.52,-13.13,-11.09
358,-7.39,-4.26,-7.58,-3.33
359,-4.93,-2.47,-8.67,3.2
360,-6.5,-9.25,-15.15,0.02
361,-4.95,-11.54,-11.64,-2.56
362,-5.99,-11.49,-7.92,-7.16
363,-5.11,-9.04,-9.22,-7.48
364,-2.68,-4.11,-10.78,-4.98
365,-4.27,-2.83,-9.67,-6.5
366,-5.94,-5.2,-5.59,-8.52
367,-5.79,-7.86,-2.36,-8.55
368,-1.43,-6.14,1.55,-2.96
369,-1.79,-4.47,0.53,-1.33
370,-3.32,-1.66,-1.18,-0.53
371,0.62,2.38,0.23,6.8
372,-0.46,0.25,-2.89,6.91
373,-0.68,-0.24,-0.31,1.93
374,-0.55,0.75,2.86,-4.14
375,-0.03,1.15,-0.0,-6.29
376,3.86,3.09,-2.1,-0.58
377,3.41,3.65,-3.74,6.37
378,2.4,5.06,1.47,13.99
379,-1.82,0.36,6.78,10.66
380,-3.79,-5.01,7.31,-2.63
381,-0.54,-2.96,3.31,-11.03
382,0.9,1.81,-2.36,-9.16
383,7.1,10.26,2.72,2.54
384,6.82,8.47,4.32,6.11
385,-1.49,-4.13,-2.89,0.8
386,-4.55,-10.8,-7.16,-1.81
387,-7.12,-12.81,-6.89,-10.04
388,-5.04,-9.19,3.1,-16.65
389,0.05,-3.65,8.06,-9.1
390,2.33,-1.5,1.94,7.58
391,2.76,0.64,-1.02,13.32
392,0.5,4.21,-0.64,2.1
393,1.41,8.95,0.13,-3.25
394,-1.8,5.17,-4.31,-4.29
395,-7.54,-0.93,-7.07,-7.72
396,-5.7,1.03,-1.0,-6.48
397,-2.43,0.44,3.04,-1.85
398,5.03,-0.35,5.1,10.12
399,11.11,3.45,6.27,18.06
