,ch1,ch2,ch3,ch4
0,-4.45,6.17,-0.64,-13.09
1,-0.21,8.02,0.9,-8.38
2,0.64,6.35,1.53,-2.92
3,-3.29,4.29,1.8,-3.65
4,-10.0,4.83,1.72,-4.27
5,-11.69,2.57,2.79,-3.86
6,-5.12,1.5,7.44,-4.57
7,0.73,0.91,8.02,-6.72
8,1.96,-2.72,2.67,-0.31
9,2.03,-5.75,0.7,13.05
10,0.62,-10.36,1.01,9.49
11,-3.65,-14.79,-2.09,-6.15
12,-5.83,-14.17,-7.38,-8.58
13,-0.59,-7.06,-8.16,0.47
14,8.43,3.73,-2.28,5.03
15,5.8,1.85,-2.53,0.76
16,-4.7,-11.11,-9.4,-4.14
17,-5.4,-14.06,-9.66,-4.78
18,-2.3,-6.85,-5.81,-4.32
19,0.73,-0.27,-3.13,-2.09
20,7.31,1.51,-0.33,4.25
21,11.27,2.22,2.72,9.79
22,13.44,4.23,4.74,9.8
23,14.44,4.02,3.28,9.2
24,7.13,0.37,-1.39,6.74
25,-1.22,-1.07,-2.03,1.37
26,1.8,3.85,5.7,0.5
27,9.91,7.81,11.11,5.34
28,13.56,12.4,7.92,9.02
29,11.53,14.76,0.86,7.43
30,2.51,3.3,-4.31,6.0
31,-3.68,-7.99,-1.26,4.9
32,-4.16,-12.57,1.27,0.06
33,-9.57,-15.56,-3.53,-5.59
34,-13.38,-13.24,-7.82,-9.98
35,-12.35,-10.11,-7.94,-14.44
36,-7.11,-3.38,-1.82,-9.49
37,1.6,3.08,3.78,2.71
38,2.46,-2.26,1.02,0.23
39,-1.78,-5.97,-2.28,-9.47
40,-3.81,1.92,-3.22,-6.52
41,-5.77,9.43,-3.3,-1.32
42,-7.84,8.09,1.16,-5.21
43,-4.58,4.03,3.5,-5.86
44,-0.5,1.68,-3.01,2.36
45,3.45,5.57,-5.0,6.07
46,8.75,13.12,2.22,-0.92
47,-1.0,4.43,2.14,-11.38
48,-14.9,-6.96,-3.83,-12.11
49,-9.65,0.97,-2.43,-0.19
50,6.17,14.11,8.21,9.09
51,16.42,20.37,16.95,10.77
52,14.77,15.92,13.65,6.26
53,6.16,4.52,5.52,-7.61
54,4.82,1.31,-0.16,-26.68
55,12.01,12.32,-0.46,-32.06
56,10.9,29.27,3.24,-23.27
57,7.29,38.03,8.46,-80.93
58,9.65,21.65,14.27,-133.87
59,4.14,-3.2,10.07,-67.81
60,-17.47,-13.71,-4.95,-7.49
61,-42.77,2.58,-12.15,23.0
62,-43.63,-13.95,-22.1,50.16
63,-31.32,-55.9,-26.21,49.59
64,-26.63,-45.29,-12.55,96.48
65,-27.95,-63.26,-15.54,175.61
66,-27.16,-78.81,-13.68,185.14
67,-11.13,-20.79,-7.44,131.31
68,-0.45,55.49,-33.09,79.61
69,0.3,26.35,-58.81,39.6
70,0.95,-138.09,-65.29,3.96
71,2.58,-181.19,-47.42,-25.9
72,25.98,-17.15,12.8,-41.21
73,63.07,196.38,78.76,-20.8
74,68.07,215.42,79.27,-2.41
75,36.11,31.22,21.58,-51.52
76,33.46,4.59,2.29,-105.35
77,54.93,110.3,18.02,-77.58
78,35.85,145.5,6.71,-25.79
79,-1.82,124.42,-13.38,-9.03
80,-17.01,68.34,-20.44,-3.03
81,-6.01,42.83,-0.59,-6.05
82,3.17,51.72,20.55,-10.82
83,-13.42,8.9,2.9,24.96
84,-15.78,-32.29,-22.7,62.82
85,-1.67,-3.93,-21.6,31.85
86,-19.6,4.05,-6.28,-23.63
87,-46.09,-18.23,20.73,-42.22
88,-49.92,-20.74,59.28,-55.44
89,-36.73,-26.7,62.25,-72.88
90,-15.59,-53.82,19.87,-57.53
91,-7.4,-94.21,-15.95,-21.02
92,-11.83,-109.74,-24.65,-8.44
93,-15.0,-82.66,-14.98,-22.49
94,-13.68,-83.24,11.17,-29.37
95,-7.56,-121.98,33.34,-9.41
96,1.17,-131.77,21.37,10.18
97,6.85,-106.98,-8.23,6.83
98,12.51,-59.78,-15.71,16.08
99,15.1,-41.31,-9.69,35.71
100,10.01,-58.33,-12.47,27.89
101,15.83,-37.12,-7.96,6.68
102,25.48,-5.81,0.35,-2.52
103,24.68,8.99,-4.04,3.67
104,27.63,17.68,-2.14,16.77
105,23.95,3.75,8.89,16.59
106,6.15,-3.94,8.38,3.51
107,6.66,11.28,-1.62,-3.03
108,22.82,29.26,-4.81,-1.26
109,19.78,38.05,3.8,3.59
110,4.26,31.08,9.99,6.13
111,1.69,31.16,7.22,9.35
112,10.51,33.59,-1.79,21.1
113,7.95,13.19,-7.51,22.73
114,-4.41,6.71,1.98,7.12
115,-3.6,20.56,8.92,-0.29
116,2.53,23.9,2.06,4.4
117,-2.34,19.55,-4.87,4.04
118,-5.1,20.77,-4.49,1.65
119,2.28,23.04,-3.54,4.51
120,2.8,16.57,-8.36,2.64
121,-4.62,9.78,-11.37,-1.81
122,-7.75,5.81,-13.28,-2.15
123,-7.84,7.1,-13.04,-0.17
124,-6.82,14.81,-2.22,6.84
125,-3.38,16.8,5.91,13.09
126,0.68,15.81,5.14,10.27
127,-1.24,11.57,0.66,-2.78
128,-6.34,2.67,-4.51,-13.72
129,-5.79,1.96,-2.18,-10.0
130,-3.26,6.51,3.16,-4.12
131,-4.85,5.0,1.22,-6.3
132,-6.87,-0.16,-2.88,-5.99
133,-6.22,-3.45,-3.2,0.65
134,2.02,-2.33,1.82,9.06
135,15.51,3.77,10.17,11.11
136,14.25,7.11,12.88,-1.88
137,-0.33,2.03,9.3,-13.64
138,-7.41,-4.0,3.34,-15.07
139,-0.01,0.17,1.85,-12.26
140,7.89,5.88,3.62,-4.29
141,3.72,1.96,1.73,-1.65
142,-3.37,-1.98,3.06,-4.96
143,-0.11,2.53,10.34,-2.12
144,9.72,8.06,13.38,0.97
145,6.72,4.85,6.87,-2.28
146,-6.19,-0.0,-1.06,-6.68
147,-5.65,1.89,-3.03,-7.97
148,3.34,7.76,-0.85,0.68
149,8.96,16.67,4.77,13.77
150,9.2,20.01,6.57,10.3
151,-7.43,8.05,-4.34,0.12
152,-18.54,-2.69,-10.57,3.46
153,-11.17,-3.83,-7.74,7.68
154,-10.85,-6.04,-9.67,4.41
155,-4.87,-4.96,-7.43,4.38
156,4.85,-1.91,-1.99,11.54
157,4.81,-0.8,-1.62,11.03
158,1.63,2.04,-3.32,3.58
159,-6.23,2.8,-4.04,3.72
160,-5.67,-3.12,-4.2,5.21
161,0.06,-11.11,-5.17,-2.52
162,-1.0,-11.23,-5.61,-14.05
163,-6.58,-5.76,-5.69,-7.83
164,-4.65,-0.44,-2.62,4.59
165,-0.02,0.14,-0.89,-0.9
166,-1.36,1.57,-0.75,-7.59
167,10.19,10.73,3.96,-2.57
168,21.49,16.61,8.32,2.78
169,13.48,16.43,11.6,3.03
170,-7.06,6.91,7.87,5.97
171,-15.15,-4.34,-0.74,3.16
172,5.08,-0.71,1.38,-11.16
173,14.39,5.58,7.11,-9.62
174,4.89,5.02,7.9,13.83
175,7.48,2.5,7.74,25.08
176,13.21,0.87,7.0,13.69
177,3.88,-3.4,0.24,-2.66
178,-10.12,-10.49,-10.91,-12.82
179,-9.45,-11.8,-11.24,-12.0
180,-7.24,-11.56,-5.97,-5.1
181,-17.47,-11.73,-8.28,0.9
182,-21.18,-7.78,-8.78,0.16
183,-14.45,-6.39,-5.85,-12.22
184,-16.42,-9.86,-9.99,-23.87
185,-21.68,-9.26,-14.17,-20.69
186,-14.33,-1.36,-7.08,-10.52
187,-8.01,2.83,-0.12,-6.81
188,-12.04,0.2,-3.17,-8.61
189,-6.6,5.0,-2.16,-5.01
190,11.11,15.2,8.55,3.99
191,17.2,13.87,16.24,9.57
192,8.41,1.73,13.97,10.61
193,1.55,-6.63,7.09,9.33
194,-2.01,-7.42,2.28,6.57
195,-6.82,-8.49,-3.91,2.77
196,-6.3,-7.29,-8.18,-6.19
197,3.3,0.1,-1.41,-10.68
198,10.41,3.21,4.26,2.57
199,6.51,-2.68,-4.86,13.36
200,0.6,-5.11,-15.17,5.97
201,-4.65,-0.57,-12.8,-3.1
202,-9.82,-1.67,-7.18,-2.64
203,-12.42,-9.88,-8.42,-8.75
204,-15.17,-17.8,-13.31,-22.0
205,-13.81,-18.62,-13.35,-17.98
206,-10.78,-11.73,-10.44,-7.57
207,-10.75,-6.11,-11.29,-7.04
208,-11.78,-6.6,-11.91,-5.15
209,-15.24,-12.43,-12.77,-4.04
210,-11.34,-13.26,-12.65,-4.18
211,-0.72,-4.06,-9.34,-4.46
212,3.77,5.21,-5.96,-10.32
213,8.39,12.94,3.03,-4.88
214,15.84,21.0,15.83,12.03
215,13.25,19.33,19.21,13.93
216,5.07,9.57,14.06,4.04
217,1.57,4.69,12.62,-8.67
218,-6.19,0.78,13.27,-25.16
219,-14.49,-4.4,8.09,-32.1
220,-7.61,0.46,3.51,-23.34
221,11.46,13.57,10.43,0.32
222,31.91,23.69,24.15,31.05
223,42.76,28.63,31.72,47.83
224,37.31,26.73,27.38,42.99
225,23.82,18.44,15.63,31.75
226,16.26,13.19,9.36,28.84
227,15.2,12.56,10.44,30.34
228,9.95,9.04,9.49,24.42
229,0.29,1.43,5.66,9.77
230,-5.98,-4.77,0.04,-6.07
231,-7.02,-5.7,-4.33,-18.23
232,-7.53,-8.62,-6.26,-22.99
233,-6.25,-11.01,-6.04,-14.02
234,-3.08,-6.03,-2.64,-1.11
235,-5.05,-2.46,-3.95,-0.68
236,-8.81,-3.18,-8.8,-8.06
237,-5.06,-3.17,-5.23,-6.66
238,2.76,-2.57,2.2,3.04
239,1.07,-7.33,-0.86,-0.36
240,-8.99,-14.19,-10.03,-13.31
241,-13.04,-11.85,-12.9,-14.04
242,-9.02,-2.98,-8.56,-10.26
243,-5.5,0.33,-4.95,-10.88
244,-6.47,-3.96,-7.55,-7.78
245,-9.2,-7.75,-11.39,-5.36
246,-10.19,-7.4,-10.23,-6.77
247,-7.48,-6.36,-4.15,-6.89
248,1.73,-0.99,3.08,-2.11
249,10.39,7.12,6.55,7.3
250,10.33,8.41,5.09,10.67
251,6.36,5.63,3.8,5.52
252,3.82,3.05,4.32,0.78
253,0.71,-1.94,1.44,-1.62
254,-2.64,-7.26,-2.83,0.56
255,-1.43,-6.2,-2.28,6.17
256,2.32,1.63,1.74,7.5
257,7.0,9.91,6.42,8.46
258,10.63,10.11,6.91,11.09
259,7.39,1.34,3.39,9.88
260,1.0,-5.85,1.64,7.4
261,0.67,-3.02,2.11,6.74
262,2.07,2.52,0.35,5.48
263,3.04,5.24,-1.68,8.18
264,4.49,6.05,-1.52,10.88
265,-0.58,0.85,-4.29,5.25
266,-6.73,-3.57,-6.49,-1.32
267,-6.96,-3.51,-5.74,0.34
268,-3.36,-2.67,-4.89,6.3
269,1.48,-0.15,-3.78,4.75
270,1.94,1.13,-3.53,-3.27
271,-1.75,2.34,-2.52,-5.78
272,-1.46,3.26,0.69,-0.68
273,0.63,0.57,2.33,-0.72
274,3.1,0.62,2.69,-2.47
275,6.98,2.92,3.49,3.11
276,3.43,-0.51,1.59,2.85
277,-6.13,-7.12,-3.42,-7.05
278,-12.68,-8.14,-7.64,-16.9
279,-12.96,-4.4,-8.02,-18.34
280,-4.58,-0.75,-4.06,-5.05
281,6.4,4.44,2.58,8.38
282,8.13,5.79,6.94,5.46
283,-0.77,-0.88,3.09,-6.25
284,-7.2,-5.94,-4.51,-13.13
285,-5.03,-5.92,-7.15,-11.24
286,-3.18,-5.2,-4.8,-6.77
287,-3.67,-5.45,-1.77,-6.56
288,-1.35,-4.19,0.73,-5.94
289,3.31,1.38,5.35,-0.27
290,4.57,4.93,7.09,3.0
291,3.06,3.77,4.16,2.09
292,2.75,4.34,4.33,2.97
293,4.53,6.07,6.87,6.25
294,4.54,1.71,4.52,6.12
295,0.89,-5.1,-0.68,2.92
296,2.72,-4.02,1.66,3.26
297,6.21,-0.19,6.36,4.48
298,3.42,2.66,5.02,5.26
299,0.79,6.31,1.86,5.54
300,1.13,6.35,0.38,3.84
301,5.07,6.55,2.47,6.21
302,8.05,6.31,3.53,8.33
303,2.66,2.79,1.17,3.3
304,-4.0,0.04,-0.96,-4.09
305,-5.33,-3.76,-4.98,-7.57
306,-2.77,-4.01,-8.25,-1.97
307,-0.68,0.04,-5.7,2.63
308,-3.67,-1.61,-2.89,-1.06
309,-8.18,-8.52,-4.98,-2.41
310,-13.24,-13.58,-11.39,-4.28
311,-16.22,-12.01,-15.36,-10.01
312,-10.03,-6.03,-10.15,-9.79
313,-2.58,-2.27,-2.6,-2.92
314,-1.61,-1.56,0.81,-1.99
315,1.94,0.6,3.75,-4.68
316,6.93,4.31,5.06,0.01
317,1.98,2.04,1.16,0.1
318,-5.83,-3.93,-1.98,-5.27
319,-3.05,-1.93,0.14,1.12
320,4.33,4.22,1.55,11.08
321,2.74,4.29,0.41,8.09
322,-3.91,-0.38,0.29,-0.83
323,-3.53,-2.17,0.89,-2.02
324,-1.19,-3.3,-1.94,-1.03
325,-1.41,-4.68,-2.21,-4.53
326,5.93,4.09,10.25,-3.85
327,14.01,13.49,19.84,1.84
328,13.65,13.17,16.52,10.1
329,11.25,10.25,12.96,15.91
330,9.9,9.96,13.87,13.61
331,10.8,14.59,16.87,12.7
332,10.85,17.01,16.41,10.39
333,9.77,13.75,12.26,4.2
334,9.55,9.88,8.61,4.87
335,4.43,3.76,-0.28,3.65
336,-2.68,-2.62,-9.91,-1.58
337,-2.49,-3.48,-8.87,1.13
338,-0.09,-1.91,-4.71,3.31
339,-4.29,-4.35,-6.79,-5.34
340,-6.17,-7.19,-10.26,-8.96
341,-1.61,-5.32,-10.7,-2.89
342,-1.07,-4.31,-10.09,-3.39
343,-3.76,-5.32,-8.55,-4.91
344,-4.86,-7.66,-7.67,-2.62
345,-9.74,-14.44,-12.32,-5.96
346,-15.61,-17.98,-16.95,-12.25
347,-8.95,-10.26,-10.42,-12.47
348,4.02,1.32,-0.19,-4.96
349,3.68,1.87,-1.34,0.92
350,-4.63,-5.45,-7.87,-2.33
351,-5.12,-4.69,-8.12,-5.31
352,-4.21,-1.8,-5.49,-2.04
353,-5.57,-2.83,-2.62,-0.12
354,-2.0,-0.28,1.66,2.52
355,2.82,3.77,5.64,8.06
356,2.72,5.4,8.56,5.41
357,-4.05,0.95,8.33,-13.68
358,-12.39,-5.91,6.85,-35.6
359,-11.86,-3.77,8.93,-33.34
360,-3.54,3.52,10.74,-11.92
361,2.74,5.43,5.91,1.38
362,7.13,3.18,-1.57,9.29
363,10.97,1.73,-4.17,23.36
364,12.34,1.72,-1.22,32.42
365,13.64,5.14,4.79,31.52
366,9.23,7.05,7.59,22.15
367,-0.16,0.83,4.0,4.24
368,0.8,-1.19,0.23,-3.88
369,4.8,1.85,-3.8,-1.49
370,-4.39,-4.32,-8.68,-10.15
371,-13.72,-10.13,-8.83,-20.12
372,-9.44,-6.38,-10.68,-16.12
373,-4.76,-4.36,-16.86,-10.84
374,-7.51,-7.1,-10.73,-9.38
375,-5.25,-3.94,-1.47,-5.8
376,0.69,4.96,-7.24,-1.76
377,1.09,10.31,-4.86,2.72
378,-5.04,8.19,16.89,3.65
379,-10.39,2.34,29.65,-1.15
380,-5.39,1.3,20.65,-5.57
381,0.84,4.01,10.08,-5.69
382,0.53,4.44,9.24,-4.22
383,-1.29,3.69,8.61,-3.42
384,-2.42,3.48,0.56,2.81
385,-3.37,2.34,-9.3,7.48
386,-1.56,1.84,-9.5,3.53
387,2.68,1.67,-4.49,0.97
388,0.74,-1.93,-5.52,-3.07
389,-6.58,-6.16,-9.01,-11.97
390,-4.1,-5.07,-7.33,-11.4
391,5.61,-2.35,-3.73,-0.19
392,3.35,-5.58,-2.45,2.81
393,-4.22,-6.39,-1.22,-2.08
394,-2.08,-1.95,-2.19,0.63
395,0.55,-1.6,-4.96,7.28
396,-2.01,-2.28,-4.02,7.73
397,-4.21,-3.71,-3.97,1.72
398,0.22,-1.46,-2.51,-1.71
399,7.61,3.56,4.57,0.13
