,ch1,ch2,ch3,ch4
0,-3.83,-5.21,-1.1,-6.49
1,-1.32,-6.37,-2.31,4.92
2,-2.68,-8.18,-4.28,5.42
3,-3.13,-7.88,-3.71,-4.93
4,-0.08,-5.77,-1.12,-2.3
5,3.17,-1.98,1.22,8.75
6,5.23,1.94,1.97,7.5
7,3.65,0.62,1.37,-0.98
8,1.79,0.7,1.54,-3.63
9,3.5,5.06,2.12,1.62
10,5.15,6.95,1.43,5.97
11,3.5,3.78,1.1,1.91
12,-4.98,-3.43,0.7,-4.84
13,-12.35,-5.45,0.28,-6.75
14,-2.68,2.49,3.12,-1.47
15,10.43,9.87,6.06,3.84
16,8.04,8.54,4.3,1.77
17,3.07,4.42,2.35,-0.11
18,4.53,6.79,4.26,2.76
19,4.79,12.42,6.7,5.74
20,2.34,12.1,5.71,7.18
21,-1.29,3.02,1.2,5.7
22,-4.37,-2.62,-0.38,2.6
23,-4.82,4.22,1.64,1.42
24,-3.77,8.37,1.0,-1.6
25,-3.36,4.69,-0.96,-7.45
26,-3.94,1.41,-2.27,-8.86
27,-3.89,-2.09,-3.36,-4.09
28,-6.09,-2.95,-3.41,-0.58
29,-8.0,1.24,-0.43,-4.54
30,-0.52,6.91,5.68,-7.37
31,10.97,12.38,12.38,-0.88
32,14.46,11.92,15.26,5.74
33,8.55,1.83,7.82,2.83
34,-0.06,-11.66,-6.39,-3.27
35,-5.57,-20.63,-15.36,-2.97
36,-7.41,-21.67,-14.47,-1.41
37,-12.51,-19.57,-11.29,-8.17
38,-16.99,-15.65,-11.71,-15.42
39,-8.68,-8.05,-10.58,-7.72
40,4.62,-0.87,-5.61,6.95
41,13.66,6.3,2.13,13.89
42,14.82,8.21,7.9,13.09
43,9.79,1.42,5.11,6.7
44,6.11,-3.26,-2.85,-3.72
45,3.45,3.7,-6.72,-10.4
46,-0.1,15.85,-0.81,-6.58
47,-8.79,13.43,6.85,-7.56
48,-16.6,0.26,8.32,-22.99
49,-8.35,-2.31,10.31,-34.19
50,9.65,9.22,13.57,-39.72
51,17.03,21.61,9.81,-25.0
52,15.26,25.23,6.74,19.42
53,16.82,16.41,8.68,7.29
54,10.28,0.94,-3.04,-44.3
55,-4.07,-0.96,-17.01,-34.75
56,-6.38,8.84,-3.32,-20.58
57,-6.47,11.72,12.36,-6.31
58,-23.92,-9.1,-7.84,53.82
59,-28.41,-44.6,-30.42,54.46
60,-19.69,-43.65,-14.8,39.05
61,-28.32,-25.02,0.92,136.58
62,-31.72,-42.49,-12.49,157.71
63,-31.59,-73.48,-47.76,38.14
64,-16.02,-58.75,-76.95,-0.18
65,12.34,-17.23,-47.24,41.77
66,4.83,-38.47,-8.69,45.19
67,-4.73,-73.67,-15.32,1.13
68,-0.75,-77.72,-21.68,-65.88
69,-3.55,-59.71,-17.64,-84.64
70,13.39,15.14,-2.19,-33.16
71,41.55,68.26,26.67,-41.7
72,54.79,72.46,23.68,-87.57
73,49.85,91.0,1.09,-38.84
74,31.66,90.1,7.9,24.04
75,10.35,84.3,17.64,46.7
76,-5.64,109.07,9.96,56.72
77,-26.7,82.6,-4.63,12.68
78,-41.18,29.44,-15.5,-50.67
79,-22.78,9.95,-4.07,-38.4
80,-3.19,1.67,6.68,5.86
81,1.53,12.25,1.25,-21.66
82,4.38,18.75,5.48,-86.34
83,-5.1,58.68,37.58,-70.36
84,-15.82,94.71,64.24,-18.73
85,-14.69,20.85,42.76,-26.75
86,-15.25,-59.2,26.04,3.08
87,-14.06,-74.37,44.6,64.17
88,0.63,-56.51,28.7,58.36
89,12.75,-30.97,-15.33,29.69
90,9.43,-45.57,-8.59,-7.17
91,9.57,-53.44,33.5,-39.59
92,10.29,-24.03,36.22,7.38
93,6.14,-40.79,-1.59,77.12
94,13.77,-85.41,-24.04,59.37
95,29.93,-82.19,-18.73,15.41
96,38.31,-53.9,-13.21,10.13
97,30.98,-26.35,-9.43,6.66
98,20.76,0.5,-2.27,7.67
99,16.79,4.59,-2.67,17.41
100,14.86,-19.99,-7.08,3.57
101,12.41,-23.2,2.01,-19.21
102,8.48,7.07,20.14,-17.59
103,4.41,10.54,18.7,-10.27
104,0.87,-10.24,0.69,-6.93
105,-8.01,-26.07,-6.34,4.83
106,-12.32,-21.34,-6.19,19.09
107,2.7,7.79,-8.01,28.49
108,15.09,26.35,0.63,19.35
109,8.86,23.84,10.11,-6.21
110,-0.83,12.06,-1.29,-17.29
111,-4.56,4.42,-13.59,-11.08
112,-7.87,9.65,-11.84,-11.58
113,-12.34,17.37,-10.55,-15.55
114,-11.61,9.63,-7.04,-9.59
115,-5.8,-4.31,3.85,-7.25
116,0.21,1.08,6.66,-24.62
117,1.07,18.89,-2.86,-19.34
118,-4.1,33.44,-2.96,19.4
119,-8.09,34.08,10.12,22.85
120,-5.02,21.9,12.82,-6.23
121,1.11,17.03,4.67,-16.72
122,2.45,18.51,0.85,-11.75
123,-1.27,14.49,-3.5,-11.36
124,-1.84,11.42,-7.02,-8.41
125,3.21,16.34,-1.95,-0.03
126,8.53,22.29,2.35,1.14
127,7.36,17.97,1.97,1.96
128,-2.56,6.59,3.31,5.24
129,-6.66,0.01,4.4,3.95
130,3.1,-0.62,3.12,2.21
131,9.79,-0.03,5.03,-1.83
132,7.27,0.64,11.5,-4.27
133,7.95,2.26,13.6,0.65
134,9.57,4.37,7.89,4.99
135,2.63,3.13,-0.32,8.57
136,-4.3,-2.75,-6.12,10.0
137,-1.91,-6.48,-6.58,7.5
138,-2.6,-8.8,-6.58,3.22
139,-7.55,-12.68,-6.1,-2.1
140,-4.18,-13.57,-3.63,-4.4
141,2.31,-9.03,-1.29,-5.8
142,5.18,-3.23,3.14,-4.89
143,2.42,-4.62,3.24,2.33
144,-4.78,-10.44,-5.35,9.54
145,-7.14,-8.08,-9.19,4.98
146,-3.74,1.29,-3.38,-6.75
147,-3.75,4.93,-1.13,-8.41
148,-7.64,5.26,-2.66,-5.36
149,-10.51,5.34,-2.74,-7.48
150,-9.25,1.71,-5.71,-8.59
151,-2.03,3.85,-6.24,-3.25
152,-1.43,8.67,-2.57,2.22
153,-10.71,8.51,-1.07,-3.12
154,-9.03,9.07,-0.56,-7.17
155,2.27,11.61,0.14,7.25
156,5.27,13.43,-0.53,14.14
157,-1.4,12.33,-1.37,-2.86
158,-9.74,9.84,0.06,-9.73
159,-12.2,3.89,-0.41,1.21
160,-7.53,-0.51,-3.62,5.24
161,-0.95,5.88,-4.03,-4.42
162,0.48,10.16,-4.64,-10.54
163,-0.45,4.56,-4.88,0.54
164,0.2,-0.07,-0.8,10.87
165,0.56,1.92,2.09,6.6
166,0.48,4.27,1.41,2.82
167,-3.02,-0.47,-1.52,6.54
168,-5.89,-8.11,-3.45,6.25
169,-5.71,-12.38,-2.15,3.56
170,-5.36,-10.3,0.41,5.35
171,-1.47,-4.8,3.08,4.03
172,1.27,-5.35,1.6,-1.96
173,-1.38,-9.12,-4.33,-3.74
174,0.27,-6.11,-2.46,2.58
175,4.4,2.28,6.13,7.74
176,2.64,6.16,6.19,0.07
177,0.73,2.31,-0.87,-12.72
178,4.14,-0.57,-2.94,-12.48
179,6.47,-2.78,2.51,-0.54
180,-0.3,-9.25,4.54,2.51
181,-7.97,-14.36,-3.07,-4.88
182,-5.96,-13.43,-10.31,-6.65
183,0.68,-6.63,-7.02,-1.98
184,1.75,-4.81,-2.92,0.39
185,-1.57,-10.12,-6.48,-0.8
186,0.03,-8.78,-4.88,-0.88
187,5.58,-1.74,5.14,8.92
188,6.7,-0.45,10.21,17.7
189,2.32,-5.35,6.06,10.76
190,-5.7,-7.02,0.47,-6.81
191,-12.41,-6.2,-1.66,-27.8
192,-11.81,-6.98,-0.22,-32.66
193,-8.74,-5.08,1.16,-18.3
194,-2.87,-0.2,1.57,-0.22
195,10.15,5.68,6.02,16.69
196,17.08,8.53,7.02,22.03
197,11.94,7.78,1.75,12.42
198,6.57,5.84,-0.56,6.24
199,4.04,2.26,0.06,11.67
200,1.27,1.64,0.07,15.59
201,-0.85,2.75,-3.53,13.51
202,-0.73,0.29,-6.76,6.69
203,-2.53,-4.13,-5.42,-11.35
204,-10.18,-11.45,-5.74,-21.29
205,-13.59,-15.14,-7.04,-13.75
206,-4.02,-3.72,0.5,-8.72
207,7.45,11.68,12.19,-1.66
208,10.61,14.39,13.67,4.03
209,8.51,7.42,5.42,1.27
210,4.49,2.03,-0.85,2.26
211,-1.2,-1.67,-2.93,2.46
212,-7.53,-8.52,-6.84,-8.09
213,-9.82,-3.36,-6.87,-13.18
214,-7.78,9.0,-1.91,-0.88
215,-6.83,2.06,-1.08,4.23
216,-2.79,-7.82,0.34,-8.07
217,6.79,-2.25,4.61,-10.69
218,10.81,8.07,6.34,2.1
219,4.4,8.18,3.01,3.11
220,-4.82,-2.91,-4.95,-6.99
221,-8.27,-8.58,-8.58,-5.64
222,-4.18,-5.2,-4.92,2.8
223,-0.02,-0.67,0.58,5.33
224,-3.65,-0.6,2.2,-0.88
225,-6.56,-2.32,0.03,-8.93
226,0.65,4.47,0.4,-8.54
227,7.98,12.29,1.88,-1.56
228,7.81,10.0,1.3,6.38
229,6.31,5.83,2.26,11.5
230,4.98,-2.09,4.59,15.08
231,-1.92,-16.59,1.98,14.63
232,-4.81,-16.74,-1.11,5.61
233,3.0,-1.6,2.1,-2.15
234,4.91,6.45,3.01,0.33
235,1.45,9.63,1.08,4.73
236,3.89,14.93,3.1,4.25
237,4.55,16.86,1.48,6.41
238,0.65,15.3,-3.92,7.31
239,-1.54,4.48,-4.63,9.55
240,-2.21,-10.66,-3.2,14.17
241,-2.62,-12.7,-4.2,7.5
242,-1.93,-4.48,-6.0,-2.03
243,2.34,3.22,-4.28,-0.54
244,5.52,3.34,-1.58,2.38
245,1.47,-1.04,-0.26,-3.58
246,-1.16,-2.27,-0.75,-4.13
247,-1.52,-5.96,-4.92,0.27
248,-1.79,-7.56,-2.92,-1.73
249,5.41,2.91,9.76,-2.78
250,15.09,16.31,18.76,-2.79
251,17.69,19.08,17.54,-1.16
252,12.87,11.61,15.26,5.62
253,5.76,4.79,16.04,9.81
254,3.56,4.24,16.82,5.48
255,4.23,5.4,14.93,-1.7
256,-0.76,0.46,9.09,-4.85
257,-7.5,-5.98,3.0,-3.17
258,-8.71,-5.74,-3.32,2.39
259,-5.19,-5.05,-7.74,7.97
260,-2.51,-5.87,-5.82,6.08
261,-4.33,-5.2,-6.02,-7.61
262,-5.82,-6.17,-10.67,-16.1
263,-5.45,-7.85,-10.83,-8.81
264,-8.24,-7.83,-8.03,-3.3
265,-10.13,-7.1,-8.59,-5.91
266,-6.48,-7.94,-11.24,-10.82
267,-5.2,-8.65,-12.0,-9.33
268,-9.73,-7.38,-12.01,0.79
269,-11.07,-6.76,-11.61,6.4
270,-7.38,-6.11,-8.85,3.02
271,-0.92,-3.37,-5.38,-2.04
272,6.68,2.19,0.1,-2.54
273,6.27,6.77,2.76,-6.16
274,0.44,4.51,-2.34,-12.09
275,-5.62,-2.17,-8.38,-6.34
276,-10.4,-6.72,-9.21,4.04
277,-6.63,-6.49,-4.31,8.84
278,1.03,-0.61,1.47,3.35
279,4.14,5.15,2.51,-13.39
280,6.13,7.36,4.6,-16.13
281,9.89,10.26,10.64,3.6
282,6.95,8.32,8.09,12.0
283,-2.12,2.16,0.58,0.31
284,-3.58,0.29,-0.77,-8.76
285,1.22,2.99,-0.21,-2.66
286,0.54,4.34,0.8,11.59
287,-4.19,0.83,0.38,13.97
288,-5.38,-1.53,-2.26,2.92
289,-2.23,-1.35,-1.69,-7.14
290,0.65,-1.57,0.58,-13.97
291,1.81,0.36,2.78,-18.29
292,3.86,3.34,4.18,-12.83
293,4.92,4.87,0.96,4.82
294,3.05,4.56,-1.49,18.84
295,-1.33,-1.43,1.74,17.41
296,-3.93,-7.98,4.03,6.47
297,0.45,-6.72,6.18,-2.14
298,4.2,-3.96,9.29,-2.49
299,0.01,-4.78,5.84,-4.87
300,-3.54,-4.57,-1.61,-8.34
301,-3.1,-2.76,-6.63,-8.29
302,-2.39,-0.45,-7.48,-8.47
303,2.38,3.97,-3.24,-2.43
304,7.31,6.26,0.46,7.63
305,8.19,6.79,0.49,14.69
306,9.66,8.01,-0.06,14.3
307,8.29,5.77,-1.4,4.78
308,2.08,3.74,-0.92,-1.59
309,-1.65,2.47,0.84,0.83
310,0.06,-0.55,0.47,0.13
311,4.4,-0.29,2.56,-5.01
312,6.64,2.89,7.51,-1.25
313,3.92,2.13,6.25,8.16
314,1.82,-1.36,-0.83,10.28
315,4.15,1.21,-5.21,6.28
316,3.7,4.99,-5.72,-4.38
317,-2.16,2.79,-3.19,-14.76
318,-8.06,-3.16,-2.0,-10.13
319,-12.24,-9.94,-3.67,2.34
320,-8.25,-6.58,-1.04,10.32
321,2.81,2.7,2.47,6.67
322,3.83,1.37,-1.4,-4.84
323,-4.01,-2.47,-5.56,-8.66
324,-6.58,-1.05,-3.17,-3.13
325,-5.1,-0.92,1.68,1.22
326,-4.92,-2.66,3.57,-1.15
327,-3.92,-2.97,1.11,-8.21
328,2.3,0.31,0.72,-11.72
329,6.04,0.91,0.83,0.32
330,1.8,-1.22,0.14,21.99
331,-3.43,-1.53,2.58,23.15
332,-10.03,-5.35,0.72,-2.05
333,-13.87,-7.65,-2.56,-28.0
334,-12.57,-5.59,-0.03,-39.35
335,-9.12,-2.38,3.14,-28.45
336,-0.7,2.76,2.23,-1.68
337,7.12,5.75,-2.76,17.88
338,7.67,4.24,-7.05,24.66
339,6.62,1.58,-5.95,24.31
340,10.86,4.38,2.05,20.28
341,14.94,9.24,9.65,16.37
342,7.63,5.94,5.97,7.13
343,-6.27,-0.98,-2.79,-9.11
344,-7.66,-3.72,-3.87,-11.52
345,3.52,-0.67,2.26,3.36
346,7.71,4.06,4.53,6.31
347,0.71,2.76,0.93,-4.07
348,-5.05,-0.95,-0.2,-9.18
349,-4.62,-2.0,1.09,-13.07
350,-3.36,-2.83,0.93,-13.3
351,-2.45,-2.89,-1.07,-5.49
352,-1.2,-1.35,-4.06,-0.5
353,-2.09,-1.3,-3.79,2.5
354,-3.11,-2.93,-1.74,2.39
355,-1.17,-2.66,-2.83,0.2
356,0.75,-0.6,-2.65,0.87
357,0.71,-0.69,0.43,-0.14
358,1.89,-1.74,1.28,-1.62
359,1.12,-0.78,-2.16,-4.91
360,-3.83,-0.39,-4.88,-6.69
361,-7.03,-2.76,-2.8,-6.47
362,-6.05,-5.41,0.06,-6.47
363,-1.15,-4.63,1.43,1.08
364,1.64,-3.6,-0.07,6.18
365,-0.88,-1.16,-1.02,3.54
366,1.36,6.75,5.19,3.65
367,6.17,10.88,10.34,1.44
368,3.89,5.7,7.5,-3.46
369,0.48,-1.13,2.94,-1.59
370,1.23,-1.79,1.72,5.64
371,1.04,-0.92,0.18,8.68
372,-2.64,-3.06,-5.39,2.08
373,-2.89,-2.42,-7.31,-4.25
374,1.43,-0.06,-2.62,-2.25
375,3.75,1.55,1.88,8.4
376,2.06,2.34,2.28,16.82
377,1.11,2.29,0.98,10.62
378,6.1,3.94,0.92,1.06
379,8.59,3.38,-1.89,1.3
380,2.38,0.16,-6.51,7.67
381,-5.85,-3.36,-6.69,6.22
382,-7.02,-4.85,-1.38,-1.85
383,-0.82,-1.34,2.52,-3.51
384,3.87,3.3,2.08,1.83
385,5.89,6.07,3.18,6.99
386,7.43,6.07,5.66,5.68
387,5.16,3.2,5.62,0.25
388,-0.57,-0.32,1.99,-1.66
389,-2.71,-1.85,-0.31,1.05
390,-1.17,-0.14,2.71,0.7
391,-0.74,0.28,4.74,-4.42
392,0.94,-1.4,3.93,-6.57
393,2.34,-0.23,3.13,-6.48
394,-1.8,-0.36,-0.55,-7.17
395,-3.72,-1.25,-2.74,-5.41
396,0.31,1.53,0.11,-1.22
397,2.47,2.27,0.59,4.46
398,3.06,0.59,-0.99,3.86
399,2.76,-1.86,-2.32,-4.5
