,ch1,ch2,ch3,ch4
0,3.74,2.59,3.12,-9.96
1,5.6,2.32,0.15,-0.16
2,5.35,1.59,-3.88,8.29
3,0.68,-1.49,-5.38,14.41
4,-2.83,-3.3,-4.97,11.72
5,2.28,0.39,-1.93,14.61
6,12.83,7.16,6.66,27.85
7,13.53,10.08,10.79,22.87
8,4.63,6.96,6.44,5.48
9,-2.18,1.47,-0.91,-3.72
10,-3.2,-1.6,-6.08,-5.36
11,-5.59,-4.61,-8.72,-7.45
12,-11.42,-7.67,-10.46,-15.14
13,-8.5,-5.44,-5.31,-18.3
14,-1.49,-2.73,3.63,-11.32
15,-2.63,-5.26,5.63,-5.29
16,-5.2,-8.14,1.85,-6.81
17,-2.56,-5.52,-0.6,-6.95
18,3.22,1.05,3.31,-1.39
19,5.05,4.09,6.94,2.51
20,-0.56,0.86,3.68,2.59
21,-5.1,-3.45,-0.61,1.44
22,-7.76,-7.08,-5.46,-2.41
23,-7.72,-7.24,-6.42,-3.33
24,-3.65,-4.12,-1.56,-0.07
25,-3.74,-4.19,-0.4,-1.02
26,-1.82,-1.98,0.19,2.02
27,5.74,4.42,3.84,10.09
28,9.17,7.6,4.58,9.95
29,6.06,5.53,0.19,2.1
30,3.65,1.25,-3.2,-4.6
31,5.15,-0.87,-1.65,-1.7
32,4.85,-1.38,-1.26,4.1
33,4.99,1.5,-0.91,3.69
34,3.4,3.95,-0.53,1.41
35,-2.64,1.48,-1.9,1.4
36,-6.24,-2.21,-0.41,2.5
37,-8.75,-5.91,-1.71,0.36
38,-5.99,-1.76,-3.3,-0.17
39,5.09,7.32,3.45,2.57
40,11.65,7.64,9.02,3.98
41,8.48,3.03,6.51,6.33
42,4.0,0.81,2.24,4.87
43,3.66,3.39,2.17,-1.47
44,3.99,7.44,3.35,-4.0
45,1.65,3.56,-1.18,0.42
46,0.42,-1.86,-5.49,8.89
47,0.5,-1.03,-3.67,11.55
48,1.29,1.06,1.3,3.8
49,1.21,0.58,3.51,-4.85
50,-2.75,-2.45,-0.26,-4.05
51,-4.78,-4.13,-2.65,2.7
52,-1.94,-1.08,-1.03,1.48
53,2.97,4.53,2.52,-3.97
54,2.99,4.7,3.11,-4.13
55,-1.59,-0.34,-0.95,-4.09
56,1.3,1.48,-0.66,-4.06
57,5.97,7.66,4.28,-3.3
58,4.78,7.19,9.32,-0.42
59,-0.12,1.28,7.37,0.55
60,-8.05,-3.44,-2.45,-2.72
61,-12.07,-3.83,-6.79,-0.73
62,-14.47,-5.44,-7.57,0.62
63,-12.47,-5.53,-8.1,-4.73
64,-5.91,-1.77,-6.57,-12.98
65,-5.99,-0.74,-6.06,-17.36
66,-1.61,3.12,-1.99,-6.28
67,3.87,6.87,1.91,5.48
68,0.48,4.54,5.61,2.9
69,-3.03,0.79,7.75,-2.15
70,-5.77,-2.11,1.35,-2.07
71,-4.01,2.31,-0.92,1.18
72,-0.13,10.31,0.31,-2.9
73,-7.04,6.88,-3.69,-8.72
74,-17.69,0.34,-6.09,-7.23
75,-12.27,5.81,-3.05,-8.82
76,5.02,11.41,6.52,-9.15
77,11.49,7.05,10.39,-1.39
78,-0.28,-0.85,6.13,-1.87
79,-9.97,-4.8,13.22,-9.77
80,-4.27,2.37,22.74,-8.99
81,3.36,13.92,15.11,-5.84
82,1.65,11.33,-6.72,-4.44
83,2.92,2.8,-24.4,2.3
84,5.31,-5.03,-13.46,0.35
85,2.05,-12.41,19.76,-18.33
86,8.52,0.15,28.44,-33.11
87,8.14,12.2,10.3,-18.17
88,1.35,7.41,2.17,10.44
89,3.9,-0.42,-4.08,-13.16
90,4.79,-5.51,-10.98,-72.06
91,-1.29,5.26,-1.76,-83.07
92,-19.69,20.75,8.98,5.46
93,-23.15,16.53,7.76,118.85
94,-14.98,-29.69,-14.65,120.94
95,-22.08,-75.04,-54.89,79.68
96,-18.2,-59.19,-65.39,66.77
97,-12.67,-24.81,-26.28,47.73
98,-7.84,-11.99,1.17,36.92
99,3.88,-26.66,-8.48,28.34
100,-5.54,-61.05,-26.92,22.77
101,-2.61,-73.26,-43.95,14.45
102,24.53,-41.63,-24.67,0.36
103,15.58,-31.73,-5.97,-24.62
104,-16.24,-58.32,-27.58,-69.93
105,0.73,-12.53,-16.03,-71.05
106,40.14,49.06,17.74,-13.98
107,47.89,46.22,23.38,36.08
108,29.89,51.9,27.03,13.25
109,-1.08,60.86,29.68,-39.96
110,1.62,57.95,2.09,-23.25
111,25.11,72.49,-48.1,-15.76
112,2.49,76.68,-46.12,-50.44
113,-38.26,39.9,14.41,-9.97
114,-44.26,23.04,32.81,58.01
115,-25.31,34.75,7.99,52.56
116,-15.24,44.71,6.27,5.59
117,-16.7,103.77,24.58,-30.47
118,-13.81,143.31,42.52,-51.6
119,-8.62,80.35,60.09,-48.41
120,1.49,16.2,74.25,-12.5
121,11.01,-2.27,64.49,19.48
122,14.46,-25.17,6.74,22.23
123,23.46,-27.16,-24.1,2.11
124,37.13,-10.98,30.47,-20.87
125,49.66,-20.99,63.79,-23.91
126,47.74,-39.17,17.75,1.82
127,36.08,-53.18,-33.3,41.7
128,25.92,-65.58,-12.66,60.7
129,11.38,-58.63,39.85,33.38
130,7.59,-39.15,39.83,-4.04
131,20.28,-33.88,11.41,6.95
132,26.58,-41.34,-8.21,18.67
133,19.12,-38.64,-11.46,-14.06
134,4.01,-36.62,-6.74,-19.89
135,-3.15,-48.72,-18.56,17.15
136,5.17,-45.04,-31.67,22.95
137,-2.64,-36.98,-24.41,-9.36
138,-26.63,-48.79,-9.69,-13.37
139,-27.65,-39.66,-12.82,7.53
140,-6.19,-5.91,-26.68,6.53
141,7.41,6.22,-25.23,4.78
142,-3.53,-7.7,-12.84,6.1
143,-22.83,-21.39,5.34,-18.52
144,-27.18,-15.81,23.16,-38.0
145,-18.66,-1.36,11.04,-25.67
146,-10.71,4.17,-13.18,-23.03
147,-3.15,6.79,-13.52,-26.99
148,3.8,10.9,-7.15,8.35
149,3.86,13.74,-14.68,32.54
150,6.47,18.42,-15.93,21.0
151,10.59,19.34,-3.88,20.29
152,2.04,13.35,-6.17,22.51
153,-2.92,16.32,-9.52,16.52
154,2.29,20.22,-3.8,1.85
155,0.1,13.79,-7.39,-15.21
156,-7.5,10.7,-10.57,-20.31
157,-13.96,7.19,-4.79,-21.19
158,-9.96,3.25,5.61,-11.95
159,-1.46,8.2,8.07,0.27
160,-1.36,13.11,0.79,-3.53
161,-2.62,7.68,-4.68,-8.99
162,-7.72,-1.7,-9.14,-14.98
163,-11.43,-1.56,-9.69,-23.67
164,-1.31,5.66,-3.99,-17.58
165,11.56,9.28,5.12,1.11
166,10.19,7.35,12.66,11.83
167,-1.88,-1.61,7.72,5.6
168,-0.7,-5.37,5.28,1.95
169,7.96,1.72,10.93,7.51
170,5.48,2.3,6.34,7.91
171,2.93,-1.59,-1.46,8.15
172,2.2,-1.13,-1.48,6.47
173,0.8,1.63,4.28,-1.53
174,-5.34,-0.51,2.68,-4.91
175,-13.59,-6.53,-5.54,-5.81
176,-11.07,-7.59,-7.59,-9.78
177,-5.3,-5.53,-7.3,-6.25
178,-3.29,-2.47,-6.07,0.46
179,-4.96,-1.27,-4.86,1.22
180,-4.49,-2.3,-3.56,7.14
181,0.94,0.47,1.32,12.54
182,1.99,3.48,2.96,8.97
183,3.27,4.49,1.59,5.02
184,5.24,6.15,1.33,3.03
185,-0.35,5.58,-1.06,0.85
186,-5.51,3.47,-0.19,-2.24
187,-3.36,3.18,4.8,-6.37
188,6.32,7.15,7.59,-1.49
189,12.22,10.12,6.8,8.01
190,8.82,10.18,3.84,12.16
191,7.78,10.97,4.55,17.72
192,7.57,9.08,6.39,15.81
193,3.78,5.24,3.14,3.6
194,-0.5,2.79,-1.34,-5.26
195,-4.89,0.08,-3.87,-7.97
196,-2.35,0.49,-0.38,-6.94
197,5.67,4.4,5.29,-0.34
198,6.18,1.86,2.09,10.08
199,-0.55,-5.71,-5.98,13.71
200,-9.68,-12.07,-9.91,2.35
201,-9.18,-10.48,-2.94,-5.28
202,-3.11,-4.33,2.45,-0.35
203,-9.53,-7.98,-6.63,-3.61
204,-18.59,-15.24,-13.48,-13.27
205,-15.34,-11.9,-9.31,-18.34
206,-2.27,-1.02,-0.34,-14.64
207,6.37,4.7,4.53,-4.75
208,3.38,2.19,-1.66,-1.72
209,-2.43,-0.78,-8.99,-2.41
210,-4.1,-0.17,-8.81,3.39
211,-5.14,-0.05,-3.44,3.05
212,-6.16,-1.62,6.19,-7.45
213,-1.41,-0.78,13.59,-5.02
214,4.42,1.67,9.47,7.49
215,7.66,3.51,1.96,11.1
216,9.6,5.91,4.26,6.86
217,3.27,5.16,5.83,-4.09
218,-5.97,2.5,-0.85,-12.01
219,-8.61,2.04,-6.74,-6.84
220,-6.37,0.28,-4.58,0.54
221,-0.06,-3.1,3.12,2.33
222,4.85,-4.2,4.24,2.57
223,1.46,-4.09,-2.04,1.76
224,-4.31,-3.03,-4.58,-3.54
225,-1.75,4.89,3.05,-5.56
226,5.74,11.58,11.15,-0.11
227,5.24,6.22,6.73,1.17
228,-2.44,-0.35,-0.79,-2.81
229,-3.72,2.77,2.8,0.6
230,1.61,8.15,7.12,3.0
231,0.35,6.85,2.62,-7.75
232,-1.74,3.9,2.23,-4.23
233,4.29,2.96,7.58,13.24
234,5.32,0.82,4.42,6.58
235,2.66,1.72,-0.47,-3.17
236,6.44,6.33,1.97,11.65
237,7.26,6.7,-1.02,20.09
238,0.27,2.84,-7.64,6.91
239,-5.33,-0.54,-6.86,-2.95
240,-4.73,-2.87,-3.34,-1.85
241,-3.13,-4.38,-1.27,-5.35
242,-3.83,-3.67,-1.39,-10.97
243,-3.71,-1.97,-3.89,-5.83
244,-9.72,-6.19,-9.77,-2.84
245,-14.8,-9.08,-10.03,-8.71
246,-2.97,-1.9,0.87,-6.34
247,3.94,0.02,3.28,-2.91
248,-0.39,-2.69,-3.37,-4.15
249,2.7,2.69,-2.1,0.49
250,6.64,6.91,4.19,4.69
251,7.71,6.32,9.16,7.16
252,7.44,4.82,8.05,6.59
253,2.88,0.73,0.56,1.38
254,1.41,-0.87,-2.98,2.89
255,8.09,3.51,2.62,7.32
256,12.55,7.21,8.89,1.82
257,5.37,4.32,6.64,-7.86
258,-4.12,-2.65,-0.24,-6.08
259,-7.86,-7.21,-5.06,0.49
260,-2.68,-2.93,-3.57,1.99
261,5.11,5.05,-1.83,4.45
262,0.88,1.49,-6.7,1.22
263,-7.06,-6.22,-6.37,-4.0
264,-8.34,-4.0,-0.88,-0.88
265,-4.88,0.62,2.45,1.29
266,0.81,0.78,5.76,2.68
267,1.54,-2.2,3.63,2.62
268,-0.99,-4.81,-0.39,-3.09
269,-2.13,-8.8,-3.85,-4.68
270,-5.57,-10.16,-7.43,-0.41
271,-10.91,-3.9,-5.69,-3.95
272,-11.71,0.8,-2.91,-13.8
273,-3.18,3.24,0.21,-9.01
274,4.62,3.91,1.05,2.94
275,5.44,1.43,-0.56,2.88
276,3.39,-1.98,-1.8,-2.9
277,-2.5,-4.18,-5.76,-5.28
278,-4.3,2.56,-8.4,-4.09
279,-1.57,7.88,-10.39,-3.05
280,-1.7,-2.3,-9.35,-0.92
281,0.77,-10.24,1.12,2.44
282,3.23,-4.29,8.74,2.18
283,3.63,1.2,7.61,4.47
284,6.37,2.69,9.07,12.1
285,7.28,7.18,13.93,16.73
286,5.44,11.67,14.86,16.94
287,-0.19,9.87,9.22,5.57
288,-9.4,1.54,4.26,-17.08
289,-15.98,-6.59,2.4,-30.43
290,-12.72,-3.67,0.22,-22.56
291,0.61,8.88,1.04,-5.1
292,12.06,16.29,2.93,5.39
293,18.21,16.82,4.08,16.03
294,17.5,13.3,1.64,27.27
295,10.56,5.39,-2.74,26.37
296,8.38,2.56,-0.07,21.65
297,6.31,2.51,3.6,13.59
298,0.2,-3.63,1.56,-1.13
299,-4.61,-11.17,-5.91,-10.29
300,-4.91,-10.86,-10.42,-9.55
301,0.46,-3.36,-3.84,-5.3
302,-1.99,-2.45,-2.58,-9.2
303,-8.06,-4.86,-6.1,-13.68
304,-3.44,-1.69,-1.28,-11.7
305,0.08,-1.84,2.08,-10.01
306,-1.13,-4.28,1.07,-4.54
307,0.11,-4.28,-1.4,0.07
308,2.56,-4.85,-3.69,-0.7
309,0.05,-4.57,-4.42,-4.41
310,-2.42,-0.55,-1.7,-1.61
311,0.29,0.78,2.49,8.16
312,-3.57,-5.65,-0.95,4.21
313,-6.77,-8.04,-4.44,-7.25
314,-0.19,-2.3,-0.88,-7.9
315,4.11,1.5,2.53,1.2
316,4.12,0.67,1.71,5.86
317,5.2,1.3,-2.51,-0.92
318,4.9,4.12,-3.13,-2.95
319,-0.36,2.52,3.03,2.59
320,-4.15,-1.57,8.15,7.04
321,-5.36,-5.61,4.46,6.15
322,-10.0,-9.19,-3.13,-2.27
323,-8.13,-6.09,-3.71,-6.55
324,0.74,0.22,0.36,-4.04
325,4.39,3.13,2.27,0.47
326,3.02,4.19,0.67,8.28
327,-1.78,1.02,-3.17,8.55
328,-1.18,-2.37,-2.56,1.55
329,6.81,1.63,2.38,2.64
330,8.6,5.56,3.98,8.72
331,6.4,5.37,3.4,11.6
332,3.91,3.21,1.95,6.4
333,0.44,-0.2,-0.44,-2.72
334,-1.41,-1.91,-2.83,-3.89
335,-2.22,-2.66,-6.44,1.68
336,0.68,0.11,-5.56,6.36
337,3.84,5.25,-0.48,1.81
338,5.42,4.02,1.9,0.3
339,2.05,-3.24,-0.87,4.18
340,-5.73,-6.86,-3.03,0.72
341,-4.78,-1.81,1.06,-2.41
342,-1.15,2.79,0.51,-6.28
343,-1.87,0.01,-4.96,-7.07
344,-3.58,-4.38,-6.47,-6.04
345,-0.73,-2.65,-3.37,-9.23
346,6.3,3.89,3.64,-5.66
347,1.96,5.25,1.86,2.26
348,-6.44,0.72,-7.38,4.4
349,-10.23,-4.85,-9.47,-4.45
350,-15.82,-10.0,-5.26,-11.62
351,-13.47,-10.94,0.2,-1.79
352,-1.5,-6.61,1.84,10.11
353,10.29,2.02,4.34,11.32
354,11.29,7.83,7.89,4.69
355,0.94,4.02,3.77,-3.26
356,-6.46,-1.02,-1.25,-6.61
357,-5.88,0.22,-0.77,-10.45
358,0.76,4.52,4.32,-7.28
359,5.04,5.66,5.97,2.3
360,2.86,3.21,1.37,0.67
361,0.23,0.62,-0.26,-2.23
362,-1.7,-0.28,-0.02,1.19
363,-1.39,1.34,1.73,-0.81
364,-1.47,1.56,3.74,-7.14
365,0.26,0.34,3.43,-4.59
366,6.48,0.08,4.27,4.16
367,7.02,0.14,3.7,7.7
368,5.25,3.42,3.7,10.55
369,6.11,5.74,5.67,10.38
370,3.23,1.73,4.49,2.55
371,-3.24,-3.43,-0.92,-4.54
372,-5.16,-2.92,-3.85,-6.54
373,1.79,3.45,-0.18,-0.24
374,8.25,6.26,2.59,7.67
375,9.98,3.3,4.08,8.94
376,8.37,1.0,5.53,6.21
377,2.6,-0.36,0.41,-0.51
378,-2.85,-0.68,-7.75,-5.6
379,-6.59,-2.4,-9.34,-7.17
380,-6.28,-5.76,-4.29,-7.17
381,-3.83,-8.15,-1.33,-5.42
382,-11.15,-13.12,-7.68,-10.09
383,-15.85,-14.46,-11.88,-12.91
384,-3.25,-4.6,-4.31,-1.98
385,3.76,3.87,1.21,5.19
386,-4.37,0.85,-2.02,-0.37
387,-9.31,-0.9,-5.41,-1.91
388,-5.01,3.87,-1.16,4.27
389,-0.47,3.31,5.23,3.05
390,-1.01,-1.04,4.78,-3.72
391,-0.58,0.64,3.45,-1.34
392,2.1,5.13,3.34,4.27
393,4.82,6.49,3.55,5.14
394,8.36,6.76,6.72,5.78
395,8.36,6.15,8.27,8.64
396,4.19,1.58,4.62,8.98
397,-1.06,-7.41,-2.63,1.37
398,-2.06,-9.98,-3.98,-2.82
399,1.9,-1.42,-0.04,1.85
