,ch1,ch2,ch3,ch4
0,10.72,23.33,6.18,8.63
1,2.51,16.8,1.16,5.83
2,-1.46,10.83,-2.06,2.23
3,1.58,9.21,-1.55,-3.05
4,7.08,7.56,-2.95,-6.07
5,11.58,8.61,-0.02,5.06
6,11.92,11.96,5.15,13.5
7,3.61,5.55,0.96,5.26
8,-4.43,0.33,-3.85,-2.31
9,-1.61,2.32,-2.35,-1.85
10,-0.89,-0.57,-4.53,-2.07
11,-7.01,-3.76,-5.2,-4.32
12,-3.6,-0.2,0.34,-4.41
13,6.4,5.22,4.29,-2.83
14,7.9,3.93,2.54,0.38
15,0.68,-1.63,-3.67,0.66
16,-0.43,-4.88,-2.77,1.62
17,10.04,-0.79,7.91,9.66
18,12.35,9.86,11.57,6.38
19,2.28,10.28,4.39,-7.73
20,-6.48,0.96,-1.71,-14.27
21,-4.64,-3.27,-1.49,-9.75
22,4.93,0.68,3.21,0.67
23,2.99,4.16,3.5,1.04
24,-8.2,-3.32,-5.57,-7.09
25,-12.43,-10.07,-13.24,-8.52
26,-10.85,-5.34,-11.12,-4.43
27,-10.28,-3.91,-7.16,0.22
28,-12.34,-11.49,-6.23,-1.29
29,-16.27,-18.46,-3.71,-12.38
30,-21.96,-20.16,-0.78,-17.25
31,-22.18,-19.31,-0.36,-9.85
32,-18.87,-21.83,-4.97,-9.88
33,-22.17,-23.85,-12.94,-17.9
34,-22.47,-19.4,-15.65,-14.72
35,-12.09,-9.35,-10.08,-1.5
36,-1.9,0.42,-1.9,5.23
37,-2.5,0.39,0.08,-1.06
38,-8.75,-5.32,-4.37,-6.38
39,-8.58,-9.04,-7.21,-5.68
40,-0.64,-6.68,-4.55,-6.21
41,7.22,-0.02,-0.21,-3.07
42,8.54,2.54,1.08,5.23
43,3.72,7.59,1.99,10.0
44,-2.55,16.64,4.92,10.95
45,-2.26,17.11,7.51,15.88
46,7.84,8.95,8.35,17.52
47,13.47,0.41,6.46,5.3
48,3.49,-3.22,2.85,-7.32
49,-4.89,3.32,1.96,-4.74
50,6.12,18.13,7.35,6.87
51,27.69,30.31,16.48,14.38
52,37.68,32.99,20.01,13.55
53,24.08,24.29,11.58,3.93
54,2.39,8.34,-1.43,-9.59
55,-3.83,0.72,-6.13,-13.55
56,6.1,5.88,-0.07,-0.47
57,11.76,4.02,3.34,15.4
58,-4.05,-11.1,-5.63,9.76
59,-19.03,-14.0,-8.73,-9.89
60,-5.46,2.33,2.43,-11.36
61,18.05,14.25,10.47,6.63
62,25.4,12.28,9.68,16.51
63,15.76,3.1,3.97,10.95
64,4.79,-5.14,-1.18,5.82
65,-6.57,-12.3,-5.02,6.93
66,-21.3,-19.2,-8.39,2.67
67,-23.53,-14.5,-6.5,-11.61
68,-11.96,-4.81,-3.0,-20.05
69,10.52,1.86,2.43,-11.22
70,27.82,9.17,9.01,0.57
71,17.24,5.77,4.95,1.19
72,-2.42,-1.66,-2.92,3.53
73,-12.25,-3.61,-4.3,9.18
74,-13.24,-12.96,-7.53,5.16
75,-7.97,-11.3,-6.33,1.08
76,0.28,8.32,5.88,2.88
77,6.77,8.96,8.09,2.89
78,2.38,-5.02,-1.68,-0.89
79,-11.88,-14.3,-8.83,-4.03
80,-14.56,-9.45,-4.39,-5.05
81,6.82,13.17,9.11,-4.61
82,23.12,15.52,7.74,-2.6
83,4.88,-4.98,-5.6,-4.27
84,-26.26,-13.84,-10.83,-7.61
85,-32.02,-8.17,-5.41,-3.81
86,-10.06,7.43,1.32,3.31
87,11.4,12.98,-2.95,7.47
88,5.21,-5.37,-9.74,3.67
89,-11.4,-10.75,0.17,-5.72
90,-4.75,6.94,17.39,-3.98
91,1.93,16.06,16.11,-1.3
92,-3.07,21.21,5.42,-8.69
93,10.39,26.94,4.87,-6.7
94,28.68,22.65,9.96,2.99
95,25.03,9.89,8.38,7.22
96,2.84,-12.32,-2.21,8.88
97,-10.69,-15.86,-7.35,12.38
98,-6.58,5.78,3.3,2.12
99,-7.79,4.19,9.07,-35.39
100,-15.77,-8.74,0.92,-63.88
101,-16.84,-1.73,-0.32,-45.64
102,-5.34,7.44,0.65,-10.7
103,1.11,6.24,-10.85,-3.1
104,-6.06,6.85,-19.25,-4.5
105,0.61,19.14,-1.71,2.46
106,21.86,19.25,21.3,-24.19
107,27.19,30.32,20.26,-82.74
108,10.39,52.79,2.8,-83.16
109,-19.29,9.49,-15.14,30.23
110,-40.78,-49.74,-23.64,123.97
111,-33.57,-42.91,-20.61,96.5
112,-15.88,-20.39,-13.5,63.52
113,-7.2,6.47,-3.27,40.58
114,-13.9,29.57,4.7,30.85
115,-26.07,-26.34,-25.04,85.93
116,-10.61,-26.94,-62.01,73.19
117,2.64,42.84,-30.77,-14.69
118,-1.03,-4.43,30.08,-11.3
119,23.92,-70.48,24.5,50.42
120,28.19,-111.6,-49.39,54.27
121,-3.12,-106.08,-83.08,9.49
122,1.53,-15.1,-39.01,-28.2
123,1.37,-33.72,-14.05,-45.7
124,-16.49,-49.97,-44.13,-68.54
125,15.04,74.66,-57.48,-92.69
126,43.53,127.75,-22.48,-83.92
127,25.8,60.32,-2.32,-28.09
128,9.29,19.75,-5.49,24.92
129,-3.87,74.81,19.01,39.02
130,-22.41,128.8,46.82,54.84
131,-24.51,86.93,42.5,42.29
132,-13.31,10.79,17.58,-18.35
133,3.52,17.38,20.78,-26.43
134,19.15,65.86,48.5,-7.35
135,19.19,44.15,26.44,-42.67
136,3.69,-18.22,-21.65,-59.17
137,-5.44,-32.19,-13.32,-27.41
138,-2.0,-9.91,41.68,-7.39
139,-16.57,-3.01,87.57,2.33
140,-20.93,17.4,104.93,9.42
141,4.85,73.44,101.64,2.02
142,0.52,74.25,68.59,-8.06
143,-29.0,-76.39,1.5,-4.32
144,-14.11,-210.82,-60.55,7.18
145,21.72,-104.32,-43.51,-1.01
146,25.38,36.16,42.59,-16.91
147,14.03,-37.76,67.27,-9.11
148,5.61,-158.59,7.34,13.28
149,9.66,-140.96,-32.85,29.86
150,20.3,-47.31,-16.0,38.11
151,25.89,-1.04,6.0,33.35
152,28.37,-34.07,-9.23,18.73
153,26.97,-64.64,-30.84,16.67
154,24.58,-33.92,-17.0,21.19
155,20.98,-23.38,1.86,5.14
156,24.22,-29.4,-5.06,-5.12
157,28.14,0.98,-5.16,17.51
158,12.26,-1.98,11.45,19.56
159,-8.34,-46.98,3.23,-9.16
160,-11.82,-49.87,-21.2,-13.46
161,-9.74,-12.27,-25.05,-5.96
162,-16.93,-7.06,-21.04,-21.49
163,-14.0,-15.85,-17.65,-27.81
164,0.84,-15.07,-6.86,-8.21
165,-2.37,-27.52,-4.16,-5.4
166,-13.08,-11.16,-9.41,-18.74
167,-9.53,18.48,-1.49,-9.34
168,-2.5,12.8,8.92,6.6
169,-3.35,11.48,4.09,-1.41
170,-8.4,19.6,-2.18,-10.12
171,-9.05,9.84,3.06,0.68
172,-2.67,12.75,11.26,12.84
173,7.62,48.1,16.53,15.88
174,14.06,66.01,16.26,18.05
175,10.32,52.15,7.54,14.74
176,1.6,48.52,-0.55,-2.15
177,-4.18,49.76,-2.54,-7.65
178,-3.96,39.75,-0.88,9.13
179,-2.27,37.93,-2.39,9.66
180,-4.88,43.4,-10.18,-10.26
181,-6.86,36.1,-13.21,-9.59
182,-4.36,31.8,-8.5,4.81
183,-4.04,43.75,-3.29,0.46
184,-8.1,39.46,-2.26,-12.88
185,-9.31,19.19,-4.59,-14.4
186,-7.29,14.02,-8.58,-10.54
187,-6.83,12.26,-13.0,-8.91
188,-6.92,-1.49,-12.92,-7.47
189,-5.77,-9.87,-7.61,-8.27
190,-2.78,-6.44,-0.17,-6.58
191,1.31,-9.38,7.89,0.5
192,2.48,-17.03,9.22,6.23
193,4.37,-9.11,7.89,4.25
194,12.77,2.29,12.71,2.42
195,16.72,-1.26,11.81,6.79
196,9.01,-9.3,1.6,5.16
197,3.3,-11.6,-3.22,5.37
198,4.52,-9.96,2.33,10.22
199,3.67,-8.13,7.9,1.39
200,2.53,-4.92,6.9,-5.71
201,4.61,-1.82,3.06,2.23
202,2.53,0.57,1.35,4.6
203,-6.63,2.57,-2.37,-2.62
204,-15.69,-3.37,-11.83,-2.34
205,-16.65,-9.21,-14.73,4.48
206,-6.55,-2.41,-4.91,4.8
207,0.94,4.7,-2.3,-8.46
208,-7.12,1.61,-13.91,-22.48
209,-13.84,1.65,-13.31,-13.55
210,-9.54,13.31,1.33,3.83
211,-5.93,22.32,5.79,13.27
212,0.62,24.5,8.17,21.76
213,8.35,26.4,16.85,20.45
214,6.08,23.7,15.15,8.77
215,3.13,18.9,6.86,3.87
216,6.16,15.33,6.81,6.02
217,7.41,12.86,9.23,1.67
218,2.42,13.2,6.31,-7.48
219,-3.73,5.73,0.27,-8.42
220,-3.52,-4.86,-1.49,-3.48
221,1.2,-4.53,1.7,-1.96
222,5.91,-1.6,2.68,3.39
223,10.24,-3.39,1.38,12.52
224,4.77,-10.13,-4.43,4.46
225,-10.82,-16.78,-12.74,-13.37
226,-15.48,-20.36,-14.31,-17.21
227,-10.88,-24.51,-13.02,-12.72
228,-11.37,-23.25,-12.8,-7.86
229,-10.34,-16.53,-9.19,-3.86
230,-2.72,-11.05,-4.79,-6.2
231,1.03,-9.63,-4.83,-12.4
232,-3.13,-9.82,-5.84,-11.53
233,-5.44,-6.04,-4.29,-0.66
234,-5.17,-3.87,-4.91,11.93
235,-6.94,-3.92,-7.39,18.02
236,-5.86,-2.9,-5.02,14.62
237,-1.83,-2.58,-0.13,7.29
238,-4.7,-2.2,0.37,-1.71
239,-6.36,-2.87,0.17,-6.55
240,4.57,4.08,6.09,-4.3
241,8.68,9.35,6.07,-8.15
242,0.89,-1.88,-1.79,-9.4
243,-0.07,-10.07,-2.01,0.77
244,4.9,-8.33,1.05,7.85
245,5.39,-3.15,2.66,8.02
246,-0.74,-3.05,-0.17,0.15
247,-10.03,-11.22,-7.9,-19.33
248,-15.05,-10.5,-6.14,-31.81
249,-9.86,-3.56,3.11,-23.48
250,-0.07,0.99,8.93,-15.07
251,8.11,9.21,11.93,-10.09
252,12.27,12.63,9.94,7.72
253,11.95,4.41,2.82,24.59
254,13.04,-1.55,-1.37,26.81
255,15.15,5.06,4.46,25.78
256,15.35,12.09,14.92,24.5
257,9.43,7.24,13.0,15.36
258,-2.45,-1.38,-0.84,3.07
259,-10.0,-8.56,-9.05,-3.34
260,-10.5,-11.87,-8.6,-6.35
261,-5.8,-7.6,-5.81,-9.88
262,-4.45,-7.27,-6.8,-9.8
263,-8.4,-12.45,-10.61,-3.65
264,-8.35,-10.57,-8.95,-0.53
265,-2.58,0.27,-2.71,-4.15
266,4.28,6.22,2.2,-7.99
267,3.78,3.01,1.48,-10.75
268,0.31,3.4,0.7,-7.11
269,-2.08,0.31,0.21,1.94
270,-7.55,-7.3,-4.91,2.85
271,-9.79,-5.63,-7.1,-4.68
272,-6.61,-2.42,-4.71,-9.73
273,-4.91,-4.37,-3.16,-7.74
274,-1.98,-4.18,-1.54,-3.12
275,4.01,-0.12,1.11,-2.3
276,4.14,0.08,1.03,-1.42
277,0.49,0.69,1.36,4.35
278,0.71,7.1,5.7,7.34
279,2.09,6.75,7.2,1.29
280,5.41,5.98,7.4,-3.14
281,11.43,11.55,10.51,2.73
282,9.21,8.3,8.04,9.32
283,1.17,1.45,1.85,8.53
284,1.16,0.97,1.34,4.01
285,8.79,4.19,4.93,5.86
286,12.22,6.03,5.22,10.32
287,2.85,1.81,-1.17,6.06
288,-9.32,-2.44,-6.25,0.99
289,-10.13,-2.79,-3.78,1.4
290,-2.28,-2.04,0.45,4.17
291,6.88,4.8,0.08,6.52
292,16.12,20.39,0.74,6.31
293,17.73,23.76,4.86,6.83
294,5.52,4.4,2.23,7.16
295,-5.05,-11.34,-2.79,4.1
296,-4.71,-9.52,-3.07,0.44
297,0.06,0.88,-1.54,0.87
298,7.08,11.18,3.05,6.66
299,8.29,9.93,5.94,8.14
300,0.55,3.1,2.29,0.08
301,-4.45,0.84,-3.27,-3.96
302,-1.28,1.52,-1.87,3.23
303,2.54,5.05,4.15,7.55
304,-0.24,3.1,2.33,1.33
305,-4.11,-1.38,-3.65,-6.79
306,-1.71,-0.07,-2.13,-8.07
307,2.72,1.67,4.76,1.55
308,3.33,0.58,5.27,5.9
309,-1.4,-5.97,-2.79,-3.87
310,-7.46,-9.93,-6.52,-8.51
311,-5.57,-4.02,-2.02,-5.53
312,0.41,-2.16,1.01,-3.48
313,0.49,-5.64,-0.2,-0.41
314,-1.23,-3.52,-0.64,2.3
315,-1.04,0.54,0.0,1.71
316,0.21,1.98,1.28,-2.94
317,-0.74,0.91,1.8,-11.12
318,-7.29,-4.82,-5.02,-15.87
319,-6.97,-7.8,-7.64,-7.91
320,-0.62,-2.43,-0.46,2.59
321,-2.99,0.72,0.89,1.02
322,-5.73,0.78,-0.21,-2.81
323,-5.56,0.32,-0.41,-0.19
324,-8.3,-3.6,-5.1,3.35
325,-6.54,-2.74,-7.23,4.53
326,-1.57,0.27,-6.15,-3.02
327,0.13,-0.66,-2.65,-13.53
328,2.75,1.03,4.74,-8.36
329,6.7,2.94,7.76,3.62
330,6.83,3.33,3.9,6.98
331,2.42,3.44,1.34,3.45
332,-2.98,1.53,0.89,-1.35
333,-3.9,0.36,-1.71,-1.84
334,1.08,0.45,-0.76,1.12
335,4.11,0.46,1.8,2.52
336,-0.06,-2.54,-1.76,-1.28
337,-2.99,-5.11,-5.14,-6.39
338,1.21,-0.89,-1.54,-6.71
339,1.89,-1.48,0.73,-3.49
340,-1.69,-6.03,-2.96,3.71
341,0.77,-3.63,-2.59,8.5
342,2.67,-1.27,0.79,5.33
343,-1.52,-0.36,0.05,3.38
344,-4.93,-0.92,-1.96,-0.37
345,-4.39,-2.0,-1.27,-8.57
346,1.04,1.96,2.41,-6.29
347,5.85,5.75,5.2,3.25
348,3.31,3.41,4.77,5.57
349,-1.75,-2.45,1.81,2.74
350,-3.5,-2.44,-0.39,-1.2
351,1.03,2.43,2.51,-1.28
352,8.16,5.78,7.16,0.19
353,8.74,8.0,7.4,-3.19
354,4.23,6.33,4.06,-1.82
355,1.13,4.67,0.35,4.92
356,-1.84,4.02,-4.21,3.93
357,-5.95,-0.07,-8.87,-0.57
358,-10.08,-6.61,-12.95,1.91
359,-9.46,-8.37,-10.24,5.35
360,-3.84,0.51,0.6,3.55
361,-1.11,5.67,7.94,-1.77
362,1.32,4.47,12.14,-2.87
363,5.7,6.59,12.98,-2.06
364,7.47,6.43,10.97,-3.94
365,8.43,6.61,11.75,1.62
366,9.15,8.14,10.87,11.62
367,7.52,5.94,8.98,14.83
368,2.72,1.16,5.67,1.5
369,-2.63,-5.58,0.05,-18.04
370,-2.3,-6.79,-2.48,-15.16
371,2.24,-3.72,-1.79,1.79
372,2.97,-3.38,-1.18,6.2
373,-0.88,-3.19,-3.43,3.04
374,-3.54,-3.47,-5.87,3.33
375,-5.02,-4.11,-6.15,0.44
376,-7.31,-6.44,-7.44,-3.6
377,-7.73,-8.92,-7.68,-1.4
378,-5.65,-7.19,-5.19,-2.39
379,-4.87,-6.3,-6.03,-9.19
380,-4.85,-5.09,-9.25,-6.26
381,-3.72,-3.07,-10.01,2.99
382,-5.83,-5.43,-11.66,1.84
383,-8.95,-6.63,-12.58,-8.08
384,-6.95,-4.1,-8.93,-12.84
385,-2.45,-1.47,-5.72,-5.03
386,-0.2,-3.48,-5.39,4.33
387,0.57,-6.05,-2.02,8.75
388,0.38,-4.04,3.76,12.48
389,0.79,-1.95,5.76,13.39
390,5.05,3.14,6.65,7.45
391,2.88,5.44,6.08,-10.18
392,-7.4,0.99,2.35,-26.43
393,-7.15,1.18,2.72,-24.48
394,3.16,5.39,7.19,-15.56
395,7.31,7.7,6.47,-4.9
396,5.88,5.57,-0.63,7.49
397,6.33,2.83,-3.65,13.45
398,7.64,3.75,0.15,16.35
399,10.14,5.26,4.71,22.05
