,ch1,ch2,ch3,ch4
0,-1.33,-0.62,-0.01,-2.32
1,0.96,-0.83,1.11,0.31
2,0.0,-1.97,0.16,1.63
3,-5.14,-4.28,-1.9,-2.25
4,-9.48,-5.58,-4.15,-8.28
5,-6.25,-3.04,-0.87,-5.57
6,0.69,4.16,3.78,6.51
7,2.21,7.31,2.2,12.1
8,0.33,7.19,1.2,2.73
9,-0.36,10.26,3.56,-6.28
10,-0.67,11.01,5.08,-4.29
11,2.02,11.75,7.18,-0.84
12,3.74,11.12,6.65,-2.94
13,-0.18,6.11,2.77,-3.78
14,-2.91,3.01,2.17,-1.26
15,-1.23,1.19,4.47,0.46
16,1.3,1.18,5.2,6.42
17,0.71,-0.21,0.65,8.84
18,-2.92,-3.2,-6.64,-3.35
19,-5.86,-3.0,-9.94,-13.27
20,-6.41,-6.54,-8.7,-8.63
21,-3.06,-12.53,-3.61,-2.14
22,2.43,-12.85,0.47,-3.11
23,1.21,-9.98,-3.24,-9.81
24,-5.26,-7.36,-9.42,-12.76
25,-5.89,-7.28,-8.04,-2.24
26,-1.48,-8.45,-1.65,9.94
27,3.49,-4.56,3.75,10.75
28,6.67,1.15,6.09,6.92
29,8.08,2.78,3.88,6.61
30,9.56,-0.46,0.88,9.62
31,8.42,-5.4,0.94,8.76
32,2.94,-8.86,2.4,3.3
33,-2.98,-10.19,1.02,-1.07
34,-3.27,-10.88,-4.76,-4.43
35,1.11,-10.12,-9.22,0.13
36,6.39,-0.95,-3.93,13.74
37,7.62,2.56,0.81,17.1
38,1.79,-5.82,-4.68,3.93
39,-2.58,-5.56,-5.36,-10.88
40,-2.82,1.05,1.56,-21.05
41,-8.38,-1.56,0.3,-28.04
42,-15.36,-9.2,-7.41,-26.36
43,-10.39,-6.92,-6.29,-13.73
44,4.75,6.96,1.47,6.77
45,15.49,16.0,4.94,22.6
46,14.93,11.56,3.9,25.18
47,10.83,8.26,2.97,23.46
48,10.12,15.28,4.53,23.57
49,12.2,18.8,6.89,21.66
50,13.88,14.12,7.57,15.08
51,9.76,6.81,4.02,6.7
52,-1.16,-8.5,-3.15,-3.04
53,-12.13,-19.43,-6.22,-11.97
54,-19.0,-13.31,-4.33,-17.55
55,-16.52,-1.97,-3.47,-20.78
56,-5.93,3.77,-2.03,-16.7
57,-1.61,-1.72,2.11,-6.12
58,-2.74,-0.56,7.3,-0.26
59,-0.34,14.37,8.49,-4.25
60,1.02,14.45,3.1,-11.52
61,-2.22,4.28,0.74,-11.72
62,-6.79,5.05,3.89,-8.98
63,-7.86,8.12,2.94,-8.92
64,-2.43,7.02,0.73,-5.86
65,3.82,7.29,5.84,-3.82
66,2.4,14.99,11.64,-5.37
67,-3.88,22.13,9.76,-2.22
68,-3.65,21.41,7.99,1.38
69,4.84,22.41,9.61,2.43
70,4.76,19.34,6.0,4.04
71,-11.36,3.42,-2.61,-3.23
72,-20.33,-15.01,-8.06,-9.75
73,-11.04,-20.55,-4.45,-0.07
74,0.86,-8.15,1.57,7.57
75,3.71,4.24,-1.07,1.37
76,-3.59,5.56,-7.45,-5.47
77,-9.02,3.06,-6.5,-2.67
78,-7.29,-8.14,-3.1,4.89
79,-11.29,-25.5,-7.64,6.09
80,-19.65,-28.73,-14.24,5.79
81,-15.11,-8.74,-13.88,8.07
82,7.05,15.0,-8.33,4.78
83,23.53,20.92,0.12,-1.11
84,13.96,6.14,-2.72,-5.83
85,3.59,-14.29,-13.75,-5.12
86,16.86,-15.17,3.01,5.96
87,26.69,-8.05,27.54,14.28
88,16.1,-5.24,22.34,11.02
89,13.48,2.73,10.4,6.47
90,25.48,6.74,9.18,15.02
91,27.2,7.77,9.2,26.69
92,9.49,8.75,0.62,21.22
93,-7.81,3.8,-9.52,9.32
94,-8.12,-0.52,-8.64,3.74
95,-7.82,-4.0,-7.03,1.59
96,-15.06,-4.56,-10.06,-0.08
97,-14.2,-3.5,-10.05,-5.62
98,-9.87,-15.68,-8.49,-8.52
99,-12.41,-28.49,-9.55,-3.7
100,-11.02,-24.48,-11.98,-3.87
101,-3.95,-13.26,-9.27,-9.95
102,-1.05,-6.78,-0.6,-8.9
103,0.88,-5.28,3.31,-3.25
104,3.95,-4.31,0.95,-1.88
105,4.56,-6.65,-0.06,1.93
106,5.71,4.84,0.84,5.62
107,8.44,19.78,0.76,-6.47
108,9.49,6.58,2.24,-23.73
109,7.84,-2.41,3.65,-39.36
110,10.57,6.73,2.21,-47.57
111,11.51,-0.91,0.65,-9.21
112,-3.42,-26.93,-2.9,24.55
113,-3.14,-7.36,3.01,-50.37
114,29.94,54.21,20.62,-135.85
115,5.93,57.08,21.6,-76.99
116,-56.71,-2.73,2.1,26.66
117,-43.46,-6.82,2.21,67.13
118,-16.24,25.66,16.02,35.12
119,-37.02,-6.57,2.55,-0.37
120,-66.54,-9.94,-14.14,83.11
121,-58.17,22.36,-20.19,155.74
122,-29.95,-29.05,-45.7,134.83
123,-7.76,-45.39,-50.7,113.45
124,19.91,-11.84,-19.26,86.26
125,30.49,-92.53,-30.45,31.43
126,31.83,-161.36,-62.46,-12.65
127,32.83,-107.26,-57.43,-21.3
128,31.61,-17.66,-49.68,-34.08
129,36.33,75.88,-58.45,-67.79
130,36.4,141.53,-44.92,-113.46
131,12.06,118.94,-0.81,-121.55
132,-8.41,68.45,32.15,-62.04
133,-12.84,41.31,30.41,-7.26
134,-22.06,23.77,-1.66,39.77
135,-9.33,52.26,-3.9,65.23
136,-10.46,47.79,26.28,25.58
137,-45.0,-34.14,18.66,-17.98
138,-31.66,-43.64,-6.35,-27.28
139,19.37,35.2,-4.96,-20.18
140,22.42,38.33,10.9,-19.61
141,4.63,30.66,50.26,-45.88
142,12.29,108.21,115.66,-67.14
143,9.11,94.62,126.46,-37.68
144,1.17,-6.16,58.42,-4.3
145,14.58,-33.84,15.59,6.38
146,25.33,-19.54,35.73,24.07
147,9.34,-42.6,44.6,24.59
148,-5.71,-105.43,21.17,10.77
149,16.06,-135.65,0.14,4.38
150,35.92,-109.66,-15.58,-7.2
151,23.59,-81.05,-25.18,-10.35
152,9.79,-45.28,-16.9,13.77
153,11.9,-39.73,-7.83,48.23
154,18.46,-71.54,-5.27,49.06
155,15.45,-48.77,-0.15,6.12
156,4.42,-16.4,-5.89,-29.53
157,-6.09,-48.27,-14.28,-18.92
158,-2.64,-59.29,-4.13,22.59
159,15.0,-7.12,9.59,46.41
160,22.39,24.45,5.2,31.99
161,14.59,16.65,-4.65,14.04
162,5.27,9.86,4.91,7.17
163,1.43,6.02,18.6,-8.83
164,4.93,16.46,13.79,-22.67
165,10.72,34.93,4.83,-14.76
166,11.42,31.81,4.36,-1.71
167,2.8,18.27,4.62,2.73
168,-6.49,14.69,2.55,8.28
169,-1.71,22.42,1.32,14.73
170,6.73,30.25,-1.4,11.17
171,3.94,34.32,0.01,1.82
172,-3.92,26.19,2.37,-8.12
173,-13.66,5.33,-10.76,-18.61
174,-20.85,3.41,-21.91,-20.39
175,-18.1,17.27,-16.62,-16.06
176,-8.17,20.81,-10.88,-11.14
177,-2.27,21.89,-6.47,-5.61
178,-10.65,23.8,-5.96,-8.94
179,-17.89,14.14,-12.05,-10.22
180,-11.67,3.18,-14.82,0.98
181,-3.91,11.1,-6.41,11.49
182,-0.54,23.04,7.03,14.39
183,-7.26,14.26,5.46,-2.12
184,-16.81,6.09,-2.74,-24.7
185,-14.27,10.85,-1.16,-20.52
186,-7.46,4.94,-1.53,-1.15
187,1.17,-3.4,-2.81,14.16
188,8.48,-1.43,0.07,15.45
189,9.59,-1.63,0.25,6.93
190,11.38,-4.02,-1.36,15.96
191,10.25,-1.87,-2.54,32.17
192,8.12,-2.44,0.09,30.13
193,10.48,-8.69,6.62,17.15
194,7.23,-12.37,7.99,3.93
195,-2.57,-17.05,-0.2,-7.45
196,-8.75,-22.88,-9.66,-14.17
197,-10.4,-21.26,-12.48,-16.93
198,-8.89,-14.57,-7.75,-19.63
199,-4.98,-11.69,-2.47,-21.86
200,-3.11,-9.9,-2.85,-19.2
201,-6.72,-2.82,-5.85,-14.54
202,-10.6,0.62,-8.61,-11.54
203,-5.52,4.36,-5.07,-6.9
204,2.79,14.84,1.64,-7.66
205,3.64,18.17,2.42,-9.57
206,-0.31,15.18,0.96,4.0
207,-0.83,17.89,2.28,14.81
208,0.1,22.86,3.55,7.92
209,-2.24,20.2,0.57,3.73
210,-3.01,13.68,-2.7,5.24
211,3.51,17.51,3.12,4.57
212,13.98,28.59,15.63,7.07
213,15.7,33.18,19.16,15.14
214,4.69,28.01,13.02,18.83
215,-3.76,14.98,7.28,7.42
216,-3.09,2.64,2.44,-5.69
217,1.13,0.13,-1.21,-6.77
218,5.46,2.93,-2.35,-3.24
219,1.32,1.35,-3.49,-2.27
220,-7.29,-2.66,-3.5,-3.55
221,-11.74,-6.35,-2.18,-5.8
222,-14.29,-13.49,-5.78,-8.27
223,-7.68,-10.03,-5.35,-0.74
224,5.93,2.14,3.14,15.02
225,7.05,-2.47,2.3,16.8
226,-0.91,-11.98,-5.78,3.18
227,0.87,-9.0,-6.67,-4.52
228,7.51,-4.22,-1.42,4.28
229,2.32,-5.01,-0.75,12.48
230,-4.76,-4.54,-2.46,7.92
231,-3.63,-2.46,-0.42,2.93
232,-3.96,-6.51,-2.6,3.28
233,-2.2,-7.5,-5.88,3.29
234,1.17,-4.27,-5.95,-1.61
235,-3.35,-8.74,-9.55,-9.75
236,-6.62,-8.82,-8.88,-10.88
237,-2.44,-0.25,1.04,-3.62
238,-1.23,-0.74,4.54,-1.03
239,-2.28,-3.73,1.78,-5.23
240,-0.57,0.75,2.93,-10.93
241,-1.95,0.4,0.69,-7.32
242,-1.37,-2.25,-2.47,6.08
243,1.55,2.9,-0.94,6.87
244,-2.59,5.7,-2.68,-2.65
245,-3.09,3.33,-4.23,-7.57
246,2.89,4.13,-1.47,-7.89
247,-0.35,2.99,0.27,-3.43
248,-5.76,-2.77,-0.19,3.37
249,1.43,-2.81,2.03,8.46
250,7.77,2.55,8.03,6.19
251,1.7,0.54,7.4,-6.75
252,-7.29,-7.66,-1.28,-11.42
253,-11.14,-9.03,-7.31,-3.26
254,-6.57,-1.54,-2.53,3.39
255,4.82,5.87,9.39,12.63
256,10.34,8.13,11.67,14.96
257,3.51,5.27,3.79,4.83
258,-3.89,-0.46,-0.63,-3.72
259,-1.48,-2.57,-0.04,-10.39
260,4.36,-0.08,2.09,-13.93
261,4.26,-0.9,2.14,-8.22
262,1.85,-4.91,1.06,1.29
263,2.33,-3.31,3.5,5.99
264,2.07,-0.89,3.98,5.96
265,-4.47,-6.7,-1.69,1.86
266,-8.48,-8.51,-4.1,-2.54
267,0.7,-1.14,0.99,-1.15
268,8.13,1.25,4.4,0.81
269,-1.31,-4.63,1.48,-3.05
270,-10.97,-8.47,-2.47,-2.7
271,-2.11,-2.59,-2.18,5.15
272,7.29,3.07,-0.16,5.16
273,1.42,2.74,-1.7,-1.77
274,-3.65,2.42,-5.91,-4.95
275,-1.88,-0.53,-8.11,-4.4
276,-2.45,-4.19,-5.9,-3.17
277,-2.64,-5.71,-0.85,-1.05
278,-1.75,-8.18,-1.34,-0.96
279,-7.56,-8.41,-8.11,-3.93
280,-12.9,-6.77,-9.54,-2.85
281,-5.19,-4.3,-4.28,-2.54
282,5.08,2.06,1.31,-3.71
283,7.34,8.19,4.13,-0.01
284,9.85,7.91,4.13,-0.03
285,9.65,3.68,2.15,-3.19
286,1.66,2.08,-0.59,-2.52
287,-8.87,-2.94,-2.92,-4.39
288,-12.13,-10.54,-3.91,-4.29
289,-2.7,-7.41,-1.88,4.39
290,5.29,2.31,1.28,12.31
291,2.64,5.48,1.75,11.28
292,-0.58,4.59,1.16,0.15
293,3.76,10.03,1.52,-4.8
294,12.64,15.38,4.13,5.09
295,24.07,14.08,15.3,17.87
296,18.92,5.81,19.77,15.7
297,-14.65,-11.35,2.39,-4.78
298,-28.42,-15.67,-9.03,-15.18
299,1.88,4.08,-0.17,-3.16
300,23.25,19.44,5.29,8.29
301,13.08,14.06,1.99,5.59
302,0.94,-1.61,0.23,-0.17
303,-0.24,-7.5,1.25,-1.2
304,4.15,-0.81,3.76,0.29
305,-5.67,-4.87,-1.62,-5.09
306,-27.84,-16.72,-14.76,-18.24
307,-30.62,-14.12,-18.02,-17.57
308,-17.43,-2.5,-9.9,-4.67
309,-9.56,4.23,-2.84,-3.87
310,-5.17,6.45,2.44,-9.98
311,-6.35,5.23,3.81,-10.79
312,-14.52,-0.54,-2.69,-6.63
313,-12.23,-3.03,-6.29,-0.57
314,-5.13,-2.25,-7.1,-5.1
315,-9.97,-6.92,-9.89,-14.64
316,-12.24,-12.65,-5.42,-11.0
317,-3.32,-14.37,0.49,-0.99
318,5.44,-9.57,-1.13,4.22
319,8.68,0.41,-4.66,2.83
320,11.06,6.05,-0.45,0.26
321,15.75,6.4,12.04,9.74
322,16.02,3.44,16.78,22.56
323,10.94,-0.62,11.76,20.1
324,6.16,-2.77,6.51,2.53
325,-0.4,-4.4,-1.26,-21.98
326,-3.43,-0.05,-4.85,-28.9
327,6.97,9.28,4.97,-8.88
328,15.54,10.54,12.34,6.83
329,8.63,0.46,3.11,9.67
330,1.24,-10.67,-9.9,15.28
331,4.41,-8.89,-11.54,21.1
332,12.98,2.58,-4.64,27.21
333,13.56,7.28,-0.82,28.93
334,4.39,3.49,-2.88,16.34
335,-2.44,-0.63,-6.05,2.56
336,-7.19,-2.85,-6.66,-8.45
337,-10.69,-4.68,-5.91,-18.6
338,-12.08,-6.45,-7.52,-19.03
339,-10.79,-5.39,-6.47,-10.94
340,0.07,1.45,1.18,-1.07
341,10.14,8.94,5.0,4.84
342,8.02,8.3,3.42,5.28
343,3.24,3.87,5.69,2.03
344,1.54,2.71,6.16,-1.51
345,2.64,3.95,4.04,0.1
346,3.39,4.61,6.48,-0.24
347,-2.1,-1.9,3.88,-8.22
348,-10.92,-11.5,-7.13,-10.02
349,-9.99,-8.29,-9.14,0.1
350,0.14,5.78,2.03,6.7
351,1.61,12.49,9.67,0.24
352,-3.85,8.59,8.85,-8.93
353,-2.01,6.83,9.29,-8.23
354,4.72,9.91,14.66,3.88
355,5.48,10.57,18.0,15.05
356,6.16,10.35,16.63,13.48
357,16.78,13.83,18.28,8.31
358,24.77,17.6,21.67,9.68
359,16.65,12.97,17.65,7.7
360,2.55,0.45,7.15,1.93
361,-1.62,-3.96,0.72,1.5
362,2.73,0.99,0.07,6.22
363,3.81,1.59,-3.0,7.38
364,-2.71,-2.89,-7.34,-1.59
365,-6.07,-5.99,-8.43,-5.57
366,-1.56,-5.19,-6.76,2.85
367,-0.01,-4.87,-6.47,7.5
368,-1.61,-5.51,-9.95,4.79
369,-2.34,-7.51,-14.15,3.07
370,-7.98,-15.11,-17.38,-2.71
371,-12.71,-18.49,-17.07,-9.9
372,-11.09,-16.05,-15.39,-11.15
373,-9.83,-14.68,-15.48,-7.61
374,-7.39,-10.84,-12.8,-2.43
375,-5.64,-7.95,-9.04,-4.63
376,-8.73,-7.96,-10.31,-9.29
377,-8.34,-6.02,-11.88,-7.85
378,-5.83,-1.77,-8.9,-3.68
379,-7.22,0.94,-6.54,-1.49
380,-6.85,0.16,-4.51,-4.57
381,-1.9,2.86,1.24,-2.72
382,6.58,9.83,10.22,7.6
383,12.41,12.38,14.95,10.28
384,11.88,9.86,10.49,6.52
385,7.33,6.83,6.18,0.47
386,0.62,3.09,4.5,-4.78
387,2.83,2.28,5.97,2.15
388,11.83,7.67,12.75,9.98
389,9.22,7.9,9.19,2.34
390,-3.19,-1.8,-4.47,-9.85
391,-7.19,-5.88,-8.22,-7.78
392,4.45,2.72,-0.04,1.01
393,14.05,9.65,6.77,-0.54
394,5.93,3.83,1.37,-7.58
395,-8.35,-7.51,-8.21,-11.84
396,-13.05,-11.2,-9.38,-10.91
397,-9.95,-9.42,-5.98,-2.52
398,-10.78,-11.19,-7.76,0.42
399,-15.38,-12.41,-12.82,-5.82
