,ch1,ch2,ch3,ch4
0,-1.81,-1.54,0.07,-5.65
1,-0.57,-3.52,-0.71,-9.24
2,6.19,1.85,4.67,1.94
3,8.95,6.89,7.91,18.38
4,6.6,7.79,5.29,18.03
5,3.46,3.13,0.56,8.67
6,-1.87,-4.26,-2.2,-0.11
7,-6.94,-5.81,-2.64,-9.57
8,4.52,6.33,7.31,-1.55
9,13.03,11.78,10.8,11.11
10,0.74,-0.33,-1.09,3.87
11,-10.09,-8.56,-6.61,-3.35
12,-12.97,-10.92,-8.16,-3.79
13,-14.11,-13.5,-13.19,-11.15
14,-14.21,-12.42,-14.78,-19.63
15,-17.85,-15.0,-14.14,-23.93
16,-23.67,-23.13,-15.61,-24.15
17,-28.19,-27.9,-18.2,-16.63
18,-27.68,-25.95,-16.87,-7.33
19,-19.58,-16.97,-10.59,-5.41
20,-9.01,-6.29,-4.33,-4.47
21,-9.3,-4.75,-5.52,-6.77
22,-12.85,-4.63,-6.79,-10.79
23,3.39,9.39,6.41,0.93
24,17.06,19.63,15.56,9.72
25,10.68,13.57,9.99,1.92
26,4.48,6.81,5.79,-1.89
27,3.56,4.55,5.91,3.37
28,6.31,4.55,8.63,9.83
29,10.51,7.21,9.98,12.24
30,13.23,12.77,9.96,15.57
31,12.16,13.45,7.04,16.84
32,3.75,4.91,-1.51,7.41
33,-2.71,-0.96,-3.78,2.01
34,-3.74,-1.26,-1.56,1.01
35,-1.77,-2.73,-2.78,-1.55
36,4.36,-2.11,-1.79,-1.07
37,7.23,4.61,1.93,-5.71
38,7.09,9.3,5.35,-5.12
39,7.37,5.63,3.96,2.8
40,5.97,0.86,-2.02,4.69
41,1.66,-1.36,-5.56,3.34
42,-2.92,-3.03,-4.36,3.4
43,5.09,1.86,3.69,8.38
44,16.95,8.48,9.85,9.23
45,14.39,7.47,7.41,4.87
46,5.51,4.66,3.77,-0.81
47,-3.23,-0.51,-1.58,-6.84
48,-12.94,-11.94,-9.55,-0.66
49,-23.88,-21.2,-15.78,2.36
50,-12.95,-9.02,-6.2,-1.01
51,30.53,22.13,17.67,12.26
52,51.8,35.79,25.8,24.32
53,28.43,20.37,14.65,19.03
54,-3.6,-0.86,0.04,-0.49
55,-17.46,-12.56,-9.71,-26.94
56,-21.24,-19.71,-14.17,-41.83
57,-29.04,-23.2,-15.46,-36.06
58,-18.44,-9.73,-5.34,-12.91
59,9.66,11.12,8.72,8.84
60,22.06,13.95,11.02,19.49
61,10.45,0.07,0.49,19.57
62,-0.8,-6.77,-8.16,12.44
63,2.89,0.7,-3.49,16.8
64,3.95,12.22,3.98,24.45
65,-4.13,18.57,10.34,12.64
66,-11.44,5.85,10.02,-10.66
67,-10.87,-4.63,1.02,-25.33
68,5.18,6.44,3.93,-26.52
69,23.78,14.69,14.51,-29.97
70,19.29,18.5,15.56,-26.94
71,1.47,30.9,12.39,-16.38
72,-5.77,22.99,6.46,-21.7
73,-11.47,-18.16,-5.29,-33.31
74,-13.94,-28.36,-18.14,-70.52
75,-11.01,0.69,-22.38,-70.62
76,-24.99,21.2,-9.55,17.11
77,-25.54,25.82,11.8,47.27
78,-17.97,16.29,16.71,32.18
79,-26.6,16.51,3.25,15.8
80,-25.0,32.02,-8.78,-46.55
81,-30.68,0.06,-32.05,-14.74
82,-30.52,-46.46,-42.44,103.73
83,-8.53,13.17,-5.56,160.19
84,-6.64,31.05,3.23,166.77
85,-15.35,-115.17,-34.6,128.48
86,1.06,-179.34,-53.47,41.93
87,16.07,-98.81,-65.17,-22.83
88,16.01,-31.62,-68.65,-43.26
89,32.13,-0.91,-32.04,-57.75
90,48.78,34.72,18.73,-80.5
91,52.22,99.57,46.03,-97.09
92,50.59,114.28,27.44,-77.84
93,29.98,71.43,-10.73,22.51
94,-11.18,50.32,-9.55,122.45
95,-29.4,37.75,11.84,91.24
96,-6.17,59.83,7.86,1.0
97,9.64,86.38,11.44,-41.87
98,5.53,63.16,34.4,-35.3
99,7.71,30.2,37.43,-25.42
100,26.55,7.53,26.07,-49.81
101,30.87,33.0,19.24,-52.87
102,-14.41,32.71,10.95,-2.08
103,-52.02,-67.05,-8.27,38.27
104,-37.05,-106.42,-13.2,25.59
105,-12.33,22.79,33.34,-37.5
106,-10.17,145.45,84.25,-85.92
107,-23.3,77.98,75.37,-53.89
108,-30.08,-29.45,47.52,-6.17
109,-13.8,-35.88,24.61,4.3
110,8.74,-54.37,5.95,5.07
111,3.05,-120.15,15.75,-7.7
112,-13.34,-152.48,6.91,-25.79
113,-14.17,-144.98,-32.1,-3.33
114,2.15,-134.36,-54.74,43.97
115,18.06,-123.05,-52.67,52.37
116,14.2,-100.17,-37.26,22.38
117,16.65,-75.14,-23.06,4.12
118,28.25,-57.15,-18.1,6.98
119,20.95,-46.21,-19.4,9.0
120,17.42,-40.22,-18.35,11.39
121,27.76,-23.7,-16.95,12.07
122,23.6,-2.95,-17.13,2.71
123,16.45,-0.34,-17.05,-9.03
124,13.92,-2.41,-12.26,-20.85
125,4.15,13.7,5.25,-17.01
126,-4.9,21.27,16.62,1.34
127,-5.43,10.17,11.86,2.58
128,-1.94,19.73,10.41,-7.88
129,-8.73,36.89,7.59,-10.86
130,-14.73,35.8,3.33,-3.03
131,-6.65,36.14,-0.91,-4.02
132,-10.95,33.55,-15.3,-24.89
133,-25.13,21.25,-19.52,-30.55
134,-20.89,20.66,-12.37,-13.36
135,0.95,40.04,-3.28,9.56
136,14.42,51.57,10.23,25.19
137,5.89,37.47,12.81,9.38
138,-1.5,24.35,7.29,-17.26
139,3.54,22.81,10.72,-17.38
140,7.53,21.29,20.07,-2.07
141,7.84,22.69,19.1,7.63
142,10.0,27.34,13.55,14.53
143,14.64,27.21,20.36,25.1
144,18.47,23.24,25.65,20.19
145,17.68,19.19,21.68,6.66
146,8.91,10.59,19.04,10.4
147,0.63,-0.33,14.22,11.57
148,5.81,-4.42,6.39,5.05
149,12.55,-5.5,3.55,7.95
150,4.68,-10.77,3.36,10.91
151,-5.43,-11.18,-1.98,5.91
152,-5.16,-5.18,-7.27,1.07
153,-1.9,-2.49,-3.57,-4.31
154,-1.92,0.82,-2.17,-19.85
155,-3.36,7.2,-6.92,-18.16
156,-8.12,8.88,-6.84,15.27
157,-11.64,6.83,-4.87,28.08
158,-4.69,7.21,-1.94,14.65
159,2.13,8.81,0.73,11.2
160,-0.33,11.65,0.21,11.12
161,-4.03,14.51,0.17,4.0
162,-0.57,15.11,2.8,-7.38
163,4.27,17.44,5.96,-16.7
164,1.3,19.02,1.22,-13.17
165,0.88,15.49,-2.19,-0.01
166,2.82,9.87,3.3,1.68
167,-3.81,4.83,0.66,-8.37
168,-6.76,1.25,-6.58,-6.64
169,-0.59,0.49,-3.67,2.64
170,4.09,3.72,3.24,7.54
171,1.23,2.36,1.44,5.45
172,-8.25,-8.0,-7.12,-7.27
173,-14.75,-12.79,-10.27,-14.52
174,-17.39,-11.66,-13.4,-9.96
175,-16.02,-13.74,-16.93,-6.16
176,-5.38,-11.8,-11.75,-3.14
177,5.34,-3.46,-3.35,1.53
178,6.08,-1.56,0.58,-1.19
179,-1.91,-10.51,-4.73,-8.19
180,-6.37,-11.13,-7.04,-0.1
181,-0.09,-1.06,0.97,12.99
182,4.98,0.52,3.53,7.04
183,-0.6,-5.62,-2.29,-9.93
184,-8.06,-9.77,-6.27,-11.34
185,-6.7,-7.75,-2.94,10.41
186,-3.04,-0.32,2.94,19.61
187,-4.27,3.7,3.0,4.85
188,-2.31,2.82,1.16,-2.53
189,1.97,1.79,0.75,-4.36
190,3.75,3.03,3.32,-6.8
191,5.15,4.32,5.63,-5.44
192,5.03,1.08,1.82,-10.35
193,5.08,0.98,4.04,-10.77
194,-4.42,-0.71,4.15,-7.36
195,-22.24,-11.36,-7.53,-17.48
196,-26.0,-13.07,-10.63,-29.33
197,-15.73,-3.62,-4.91,-25.83
198,-3.66,1.2,-1.92,-4.99
199,9.32,3.3,1.88,15.53
200,23.36,12.22,10.97,25.66
201,25.8,17.86,14.83,31.1
202,12.97,8.5,4.06,29.02
203,3.4,-2.65,-5.32,21.09
204,0.1,-6.63,-4.15,11.9
205,-3.2,-7.66,-0.76,6.09
206,-4.64,-7.66,-3.85,0.66
207,-7.17,-9.16,-11.53,-12.99
208,-10.36,-10.62,-9.42,-27.83
209,-10.57,-9.6,-3.65,-27.93
210,-2.76,-0.55,-0.37,-5.44
211,7.83,13.78,4.81,15.45
212,6.93,16.53,2.85,12.27
213,3.27,9.24,0.02,1.93
214,5.44,3.08,4.83,-4.69
215,5.05,-1.02,9.22,-9.39
216,-1.34,-3.6,6.68,-9.84
217,-6.69,-4.95,0.0,-9.61
218,-7.8,-9.05,-5.04,-7.25
219,-12.18,-14.5,-9.82,-8.44
220,-12.2,-12.99,-8.98,-11.47
221,-3.11,-4.43,-1.53,0.21
222,3.99,4.64,2.39,14.94
223,6.64,7.93,1.48,17.57
224,3.07,4.54,-1.71,11.76
225,0.52,2.24,0.66,7.61
226,0.16,1.71,2.68,1.35
227,-6.18,-1.56,-3.76,-12.14
228,-3.96,-1.16,-1.79,-11.57
229,2.77,1.71,2.55,-2.96
230,0.55,2.52,-1.62,-0.18
231,2.95,5.34,1.21,10.63
232,9.56,6.96,9.24,17.47
233,6.17,4.27,8.34,5.29
234,-1.94,0.92,1.33,-6.01
235,1.67,-0.24,-0.29,2.8
236,9.05,0.43,1.09,12.07
237,4.82,0.34,-2.02,1.47
238,0.1,-1.53,-2.14,-6.15
239,2.92,-0.76,1.85,0.67
240,8.86,3.83,3.46,8.13
241,11.14,3.34,2.26,8.44
242,7.07,-0.5,-0.06,3.09
243,1.42,-2.56,-3.2,0.43
244,-6.63,-7.59,-8.64,0.86
245,-9.76,-10.25,-7.44,4.63
246,-6.9,-6.61,-0.81,1.41
247,-7.25,-1.9,0.11,-15.03
248,-1.68,2.83,5.15,-14.68
249,3.53,3.91,8.42,-0.64
250,-3.09,2.59,-0.42,-3.81
251,-5.98,4.51,-4.05,-4.27
252,2.0,7.15,0.78,11.2
253,8.18,6.98,4.05,15.86
254,2.44,1.62,-0.5,3.61
255,-1.2,-0.62,-3.84,-5.19
256,3.4,4.71,3.29,-0.7
257,0.18,4.2,4.65,2.56
258,-4.19,-0.99,-0.75,-2.62
259,-2.31,-3.18,-3.22,-7.36
260,-4.05,-6.01,-6.16,-6.24
261,-10.71,-9.66,-9.15,-4.85
262,-13.99,-9.33,-9.17,-9.57
263,-6.67,-2.41,-3.48,-8.63
264,0.59,1.9,0.43,-4.65
265,1.38,0.25,-1.13,-4.49
266,1.72,0.77,-2.32,0.75
267,2.24,3.72,-0.03,6.33
268,4.12,6.82,5.73,2.16
269,2.9,4.61,5.48,-8.14
270,-0.53,-1.53,1.21,-7.3
271,-1.96,-5.04,-1.18,2.12
272,-0.86,-3.96,-1.48,9.15
273,4.92,3.11,4.59,17.12
274,3.71,3.37,5.39,13.25
275,-5.62,-5.81,-2.64,-3.12
276,-9.14,-9.21,-4.44,-12.9
277,-6.27,-5.28,2.47,-10.1
278,-2.23,-0.86,6.89,0.53
279,-5.21,0.34,-0.73,-0.99
280,-6.57,1.08,-4.7,-8.94
281,-0.53,0.97,0.73,-6.16
282,1.35,-2.09,0.28,-3.12
283,1.97,-3.61,-2.91,-4.43
284,-1.14,-5.43,-4.72,-5.84
285,-6.57,-4.61,-3.29,-2.18
286,-2.51,3.17,-0.02,2.41
287,5.46,9.6,-0.91,5.06
288,9.45,10.91,-0.06,8.28
289,8.27,5.34,0.06,5.73
290,4.15,-3.18,-4.33,3.75
291,1.47,-4.52,-4.11,3.98
292,-1.87,-3.94,-1.24,-3.13
293,-2.06,-2.93,2.02,-2.66
294,2.42,2.38,3.58,9.85
295,7.63,5.88,1.95,17.77
296,8.57,5.91,1.67,13.13
297,4.02,6.93,3.72,3.85
298,3.54,7.37,9.35,1.32
299,3.07,0.62,8.14,-3.45
300,3.0,-5.65,-0.5,-13.33
301,6.53,-2.95,-2.17,-16.99
302,5.81,0.59,3.16,-3.2
303,4.21,1.35,7.46,21.8
304,3.76,1.63,4.52,29.49
305,5.71,0.79,0.92,16.96
306,5.99,-0.29,0.72,3.37
307,-1.61,-0.34,-2.28,-6.51
308,-5.16,0.9,-2.33,-10.14
309,-2.02,1.49,0.45,-5.69
310,2.87,2.49,2.36,0.99
311,3.88,-0.11,1.87,-1.91
312,-1.38,-6.7,-2.79,-9.37
313,-2.33,-3.51,-1.65,-5.68
314,-3.49,2.31,-0.11,-2.12
315,-6.79,-1.4,-4.26,-4.58
316,-5.57,-5.67,-4.76,-4.3
317,-3.18,-4.37,-4.06,-6.14
318,0.01,1.08,-2.63,-8.67
319,0.56,1.03,-1.98,-2.8
320,1.59,-3.74,-2.47,6.3
321,1.96,-3.03,-1.0,6.83
322,-4.29,-2.99,-4.34,-1.2
323,-2.66,-1.86,-3.29,-2.58
324,2.15,2.57,2.7,2.12
325,-1.88,1.82,0.91,4.8
326,-3.73,-0.93,-0.19,8.14
327,-0.33,0.72,4.42,7.05
328,-3.53,2.13,4.89,-7.62
329,-17.23,-3.76,-2.96,-34.81
330,-19.68,-7.58,-6.28,-44.9
331,-5.12,-1.01,-1.1,-23.2
332,8.55,8.34,2.36,5.22
333,16.86,12.9,4.56,19.83
334,16.91,9.26,4.54,13.06
335,14.5,5.0,2.88,12.59
336,14.46,5.25,3.06,34.32
337,8.76,2.12,0.6,41.96
338,-1.3,-5.01,-5.98,25.08
339,-5.67,-4.6,-5.6,4.91
340,1.66,5.46,7.96,-0.62
341,4.87,8.84,13.33,-0.6
342,-3.26,6.45,8.16,-12.67
343,-3.56,9.03,12.42,-21.68
344,2.97,8.17,14.85,-18.68
345,8.5,8.27,12.4,-7.02
346,11.43,11.66,12.65,10.82
347,7.9,7.63,10.73,23.11
348,3.09,3.74,9.97,18.24
349,-2.86,1.56,6.2,-1.01
350,-2.11,-0.25,2.44,-4.79
351,3.02,0.65,0.42,3.63
352,0.18,0.75,-5.19,-1.23
353,-0.57,0.58,-4.95,-5.5
354,-4.08,-5.8,-6.57,-9.95
355,-13.59,-14.7,-14.08,-21.29
356,-16.44,-15.54,-16.84,-27.24
357,-12.23,-13.11,-16.36,-19.52
358,-3.68,-9.72,-10.99,0.29
359,-3.86,-8.48,-7.68,8.92
360,-13.11,-11.77,-10.44,2.74
361,-17.31,-12.83,-10.69,-4.33
362,-14.21,-9.81,-9.45,-10.06
363,-1.52,-2.86,-4.4,-3.13
364,10.26,4.88,2.37,10.67
365,11.52,7.91,3.28,14.34
366,3.52,1.27,-3.75,1.54
367,-5.88,-7.15,-9.65,-17.88
368,-2.14,-1.53,-3.11,-9.99
369,2.69,3.85,-0.06,11.39
370,2.39,-0.72,-4.49,14.7
371,7.85,1.29,-0.39,12.35
372,11.35,8.01,6.48,7.23
373,9.68,8.59,9.14,0.91
374,5.48,4.02,9.0,-3.12
375,2.12,1.28,10.52,-0.99
376,-2.55,0.32,11.42,1.84
377,-8.91,-2.27,6.51,-2.76
378,0.13,1.5,8.03,2.38
379,11.07,6.46,11.72,10.35
380,5.45,3.49,7.06,9.81
381,-1.83,0.22,2.92,4.44
382,-1.13,0.05,2.0,-1.5
383,1.96,2.07,0.72,-3.7
384,-1.54,3.17,-4.65,-5.94
385,-2.88,1.4,-7.31,-1.97
386,1.86,-1.55,-6.63,3.64
387,0.8,-3.47,-8.4,4.49
388,-2.33,-2.5,-6.39,5.13
389,-4.82,-3.4,-7.05,-0.75
390,-3.71,-2.79,-9.65,0.02
391,0.12,0.67,-6.84,4.02
392,-4.26,-1.79,-7.94,-9.46
393,-8.89,-6.19,-12.22,-21.67
394,-8.27,-7.73,-12.41,-21.53
395,-5.21,-5.7,-6.75,-9.43
396,-1.26,-2.29,-0.61,5.62
397,-2.01,-3.14,-1.09,5.7
398,-1.92,-3.14,-1.6,3.44
399,0.71,0.02,0.31,2.34
