,ch1,ch2,ch3,ch4
0,2.01,-0.53,0.05,3.1
1,6.43,2.56,3.82,9.75
2,10.38,8.16,5.22,10.71
3,11.63,11.67,4.43,7.59
4,3.23,6.54,1.68,-0.09
5,-5.41,-0.9,2.9,-1.93
6,-7.43,-5.58,3.7,-1.65
7,-3.71,-4.17,1.06,-5.98
8,-0.57,1.58,0.2,-3.03
9,-0.22,4.86,1.39,8.38
10,2.09,5.89,2.83,11.41
11,-1.47,2.12,-3.55,-3.52
12,-4.84,1.43,-7.73,-12.76
13,-1.87,4.84,-1.36,-6.84
14,-3.96,-0.09,0.21,-5.28
15,-7.27,-4.9,-2.16,-8.98
16,-5.06,-3.21,-1.0,-12.11
17,1.56,-4.15,2.85,-9.8
18,6.81,-5.86,5.67,-1.41
19,4.01,0.8,4.14,0.77
20,-3.18,7.24,1.06,-5.01
21,-7.68,2.75,-3.1,-7.93
22,-5.05,-3.56,-5.2,-2.3
23,-1.7,-2.92,-5.99,3.25
24,-3.62,1.94,-6.79,4.59
25,-5.12,2.84,-2.4,8.21
26,-8.03,-5.42,-1.08,4.86
27,-6.17,-9.26,-2.82,-2.17
28,5.27,-0.91,-0.39,-2.92
29,8.97,4.6,1.08,-4.45
30,1.93,1.96,-0.24,-2.56
31,-2.08,-0.65,-2.91,4.9
32,2.79,0.09,-1.46,7.81
33,8.2,1.6,2.91,1.88
34,6.87,2.78,4.31,-2.13
35,3.52,0.1,3.93,1.98
36,-0.6,-6.5,2.34,2.22
37,-3.64,-8.61,1.91,-0.26
38,-3.44,-6.58,0.42,1.43
39,-1.17,-4.06,-1.99,3.35
40,3.55,-0.49,0.38,5.32
41,1.82,-3.86,-0.3,2.03
42,-7.85,-11.08,-6.9,-5.0
43,-11.59,-3.9,-8.43,-6.7
44,-2.52,11.02,-1.02,-4.15
45,12.51,18.36,7.18,0.96
46,16.29,16.6,5.79,0.62
47,4.8,5.53,1.7,-6.18
48,-6.47,-7.07,3.03,-7.63
49,-7.93,-14.51,3.78,-2.36
50,-4.13,-16.46,2.42,1.9
51,-2.53,-7.73,-0.04,1.69
52,1.06,8.8,-1.02,1.14
53,3.32,12.31,-2.41,-1.67
54,-3.08,-0.89,-5.33,-4.87
55,-5.72,-8.65,-0.39,0.99
56,-2.27,-6.87,3.86,7.24
57,3.33,-0.74,2.13,4.55
58,7.2,6.54,2.87,0.79
59,6.66,8.47,4.65,6.15
60,8.94,7.87,4.03,14.15
61,0.57,1.22,-3.96,6.77
62,-15.28,-7.63,-9.86,-5.6
63,-10.77,-5.46,-7.0,-5.72
64,3.22,0.02,-4.78,-2.88
65,6.73,3.73,-1.61,-1.12
66,3.91,5.96,2.58,1.5
67,2.81,7.87,6.94,0.61
68,0.71,9.86,9.43,-7.08
69,-7.16,6.24,4.0,-14.94
70,-6.83,10.62,-1.68,-11.1
71,0.32,19.61,-2.18,-4.09
72,-0.11,15.7,1.18,-0.96
73,-4.58,11.8,8.41,1.87
74,-7.52,13.54,13.57,1.57
75,-8.64,16.6,8.37,-3.28
76,-7.5,15.45,-3.26,-12.12
77,1.92,0.47,-4.45,-13.99
78,12.73,-12.31,7.39,-11.34
79,14.03,-5.06,16.49,-16.83
80,7.62,17.62,17.63,-14.93
81,-5.83,42.56,13.07,-5.27
82,-13.48,35.39,5.8,-31.55
83,-8.46,-14.54,-2.24,-102.02
84,-4.86,-29.84,-10.02,-111.86
85,-4.37,10.42,-7.32,-53.61
86,-20.65,34.19,1.43,-44.49
87,-24.31,35.98,13.31,-4.93
88,-4.36,15.24,13.94,65.9
89,-10.53,-29.63,-4.04,93.63
90,-4.81,-51.66,-25.66,128.56
91,9.41,-23.08,-71.74,120.45
92,-13.85,-18.11,-88.21,108.82
93,-47.49,-76.91,-23.86,134.69
94,-52.22,-100.0,10.3,132.2
95,-2.36,-49.97,-38.87,96.64
96,28.61,-26.21,-85.16,35.34
97,0.57,-62.98,-83.76,-29.67
98,-2.3,-54.98,-57.68,-57.81
99,22.82,9.04,-19.8,-50.95
100,38.05,77.79,22.1,-43.65
101,38.85,103.59,43.32,-48.61
102,33.16,107.22,37.66,-51.87
103,26.77,118.48,13.41,-57.23
104,5.27,85.18,-1.06,-73.88
105,-13.07,26.12,-1.9,-65.94
106,-13.46,-27.41,-15.95,-33.22
107,-6.15,-39.75,-14.28,-6.27
108,-1.19,-5.33,13.96,16.29
109,-7.99,32.56,34.3,17.18
110,-5.89,29.9,8.36,-3.34
111,-2.1,-54.76,-38.86,-16.33
112,-24.35,-73.75,13.06,-26.68
113,-28.35,65.67,126.09,-35.19
114,-0.03,121.38,145.08,-42.22
115,13.96,21.42,85.61,-43.32
116,11.02,-44.82,16.95,-15.53
117,-3.95,-67.34,-11.92,8.37
118,-17.88,-92.07,18.89,1.95
119,-3.3,-86.23,24.22,10.44
120,9.5,-62.21,-13.38,33.72
121,4.45,-50.5,-17.55,34.27
122,16.72,-80.39,3.23,42.89
123,36.6,-113.03,-4.16,52.6
124,36.43,-80.79,-14.93,27.64
125,30.84,-12.61,-4.7,7.18
126,28.94,6.31,-13.25,10.63
127,22.05,-12.86,-23.19,12.8
128,9.44,-14.58,0.12,3.42
129,13.58,-13.69,16.79,0.23
130,32.01,-6.66,14.43,9.18
131,34.17,19.56,15.05,9.47
132,26.56,35.19,7.93,9.9
133,17.35,13.51,-5.97,23.75
134,6.26,-3.18,-5.12,24.68
135,2.46,8.92,-1.96,5.77
136,-0.17,15.28,-3.77,-11.06
137,-8.04,21.0,3.32,-16.84
138,-14.13,25.4,5.76,-12.79
139,-10.05,14.45,-1.55,-0.41
140,-1.62,11.63,-5.49,7.36
141,-2.82,16.91,-5.37,-1.9
142,-2.6,15.58,-1.04,-9.56
143,-0.79,16.76,0.71,-8.33
144,-14.18,13.06,-5.98,-12.35
145,-18.41,6.94,-8.48,-7.55
146,-6.85,8.77,-5.6,0.78
147,-6.56,5.93,-2.88,-6.4
148,-10.95,-3.51,-1.82,-10.8
149,-6.6,-6.64,-2.41,-6.84
150,-2.12,0.09,2.55,-7.05
151,-7.47,2.06,2.42,-12.54
152,-12.51,-4.59,-7.76,-11.95
153,-8.38,-4.48,-12.32,-4.35
154,-7.86,-0.64,-11.48,-1.93
155,-12.02,-5.08,-12.21,-0.83
156,-9.74,-10.1,-11.16,3.26
157,-5.65,-9.01,-6.95,0.66
158,-8.69,-8.68,-5.15,-9.18
159,-8.8,-8.67,-4.6,-8.47
160,0.58,-4.2,-1.13,5.92
161,1.99,-2.15,1.9,10.59
162,-1.21,-3.55,3.84,4.73
163,3.0,-3.01,3.18,3.31
164,7.34,0.85,2.87,4.68
165,7.49,4.99,4.77,2.0
166,1.58,4.25,3.84,-8.11
167,-0.77,5.4,5.44,-9.69
168,4.13,9.77,6.41,0.15
169,7.52,11.79,3.42,6.66
170,10.67,15.75,6.12,10.96
171,8.51,21.97,10.01,9.85
172,-2.36,24.82,7.07,3.85
173,-7.94,22.92,-0.84,2.3
174,0.41,23.26,-4.32,2.64
175,10.2,29.37,1.53,1.12
176,5.15,30.74,4.03,-1.69
177,-2.79,26.56,1.37,1.39
178,-3.41,21.04,-3.05,5.3
179,-4.68,14.35,-7.53,-0.67
180,-5.87,13.6,-6.98,-4.61
181,-8.8,13.4,-9.43,-3.13
182,-10.79,8.29,-10.44,-2.74
183,-10.16,5.53,-5.07,-6.82
184,-8.08,7.73,-2.63,-6.12
185,-0.46,9.85,-1.53,5.71
186,2.46,4.91,-2.72,9.0
187,-2.84,-3.98,-5.37,4.05
188,-1.46,-5.68,0.81,5.18
189,6.08,-1.47,9.52,4.58
190,7.99,0.09,9.04,-1.59
191,2.08,-2.31,1.66,-8.21
192,-5.57,-8.08,-3.77,-11.43
193,-11.74,-14.25,-4.41,-10.06
194,-13.2,-14.49,-3.13,-2.4
195,-6.0,-9.12,-0.86,6.68
196,-0.55,-5.19,0.37,4.85
197,1.36,-1.01,3.33,1.58
198,1.88,1.06,4.1,-0.2
199,-0.52,-4.97,-1.41,-4.1
200,1.09,-10.98,-4.5,0.93
201,2.04,-13.48,-4.17,6.61
202,2.26,-10.67,0.28,2.86
203,1.46,-1.72,3.85,-4.36
204,-7.14,1.81,-1.21,-6.83
205,-12.93,-4.45,-4.95,-6.44
206,-11.01,-12.75,-3.99,-10.84
207,-2.1,-11.65,-0.72,-7.54
208,6.64,-4.75,2.78,3.78
209,4.53,-2.57,3.06,6.81
210,2.44,-1.1,2.91,5.72
211,3.1,-3.87,-0.75,3.52
212,2.5,-7.64,-3.73,0.05
213,3.75,0.03,-0.15,0.58
214,8.75,15.18,5.73,8.75
215,12.88,21.5,8.59,14.4
216,5.4,10.87,3.78,4.0
217,-3.09,0.51,-1.03,-4.3
218,-5.41,-1.06,-3.06,-2.54
219,-4.06,1.01,0.01,0.1
220,2.46,3.31,7.93,4.58
221,4.96,2.5,4.97,3.82
222,3.01,3.0,-2.34,-1.86
223,-4.64,-1.5,-3.61,-15.09
224,-17.48,-11.75,-5.14,-34.69
225,-20.67,-13.82,-5.09,-36.85
226,-13.59,-7.67,-2.74,-20.04
227,-2.59,-0.82,-2.85,-1.14
228,7.73,1.06,-5.29,12.04
229,13.18,0.74,-1.19,20.31
230,13.96,-0.42,4.59,27.63
231,7.97,-3.92,-1.14,29.68
232,1.98,-0.07,-3.5,23.16
233,0.76,2.33,1.46,8.47
234,1.95,-3.6,1.95,-4.83
235,5.43,0.56,3.18,-6.51
236,3.64,9.02,3.84,-8.25
237,-1.5,2.96,0.64,-12.68
238,-3.58,-10.39,-3.29,-9.49
239,-4.6,-15.35,-6.05,-2.35
240,-4.84,-13.0,-6.22,-0.34
241,-4.91,-9.63,-5.69,-3.49
242,-2.15,-2.93,-1.82,-4.09
243,0.2,-0.0,3.51,-7.24
244,-2.08,-2.05,4.63,-15.26
245,-1.73,2.37,6.22,-11.3
246,0.18,3.38,6.88,2.75
247,0.02,-1.39,2.51,9.78
248,-1.82,0.91,-1.86,6.72
249,-5.35,3.73,-3.41,1.21
250,-4.83,1.19,-2.67,1.02
251,-4.18,-0.97,-1.11,2.44
252,-7.38,0.68,-1.22,0.99
253,-7.96,0.8,-3.06,-1.08
254,0.36,-0.82,-0.2,0.09
255,8.83,0.75,4.36,1.1
256,5.35,2.03,0.25,-2.38
257,5.09,4.81,-1.9,1.25
258,7.72,2.67,0.45,4.12
259,0.84,-4.76,-2.46,-3.73
260,-4.12,-0.27,-3.05,-5.12
261,-2.57,9.42,-0.44,-0.01
262,2.61,13.19,1.74,6.15
263,6.32,10.47,4.19,11.15
264,6.64,2.34,6.3,9.5
265,9.61,-1.72,9.59,9.94
266,9.44,-2.85,8.31,11.61
267,4.77,-4.14,2.32,7.1
268,2.63,-1.32,-2.09,-0.53
269,2.34,2.65,-3.31,-4.13
270,4.49,7.7,-1.57,1.5
271,5.49,8.93,-1.1,5.49
272,2.95,1.33,-0.37,2.04
273,-0.89,-6.59,-1.1,-1.83
274,-5.24,-7.98,-6.12,-0.61
275,-3.9,-0.68,-5.03,5.88
276,-0.84,4.93,1.7,5.51
277,-1.4,3.15,5.2,-0.47
278,-2.06,1.29,3.75,-2.42
279,-1.9,-0.93,0.77,-4.17
280,0.51,-1.33,2.65,-4.71
281,2.92,2.68,5.12,-1.61
282,5.62,4.45,2.08,3.51
283,6.33,-5.09,-3.27,5.83
284,2.38,-13.81,-4.45,3.67
285,0.44,-6.73,-0.94,1.59
286,-3.36,-0.33,-0.37,-4.5
287,-10.01,-4.1,-2.6,-10.92
288,-8.74,-7.58,-3.48,-9.1
289,0.31,-2.16,-0.36,-2.48
290,4.17,9.72,2.94,0.66
291,-0.24,14.38,0.41,-3.32
292,-0.03,7.74,-1.87,-5.27
293,-0.02,-3.83,-5.53,-5.63
294,-6.91,-10.97,-9.52,-5.55
295,-7.94,-8.3,-3.58,0.42
296,-5.92,-5.64,0.94,-2.91
297,-7.72,-9.21,-3.97,-14.06
298,-7.87,-12.05,-8.52,-14.23
299,-4.46,-7.02,-7.49,-6.14
300,-0.14,1.74,-2.49,0.47
301,-2.27,2.82,-2.95,1.4
302,-3.21,0.87,-3.68,5.5
303,1.38,1.48,2.1,9.39
304,1.44,0.05,4.23,3.28
305,-0.72,1.78,2.11,-1.05
306,-4.61,4.73,-0.8,-1.75
307,1.16,5.24,3.89,3.1
308,8.56,3.53,8.24,6.15
309,2.26,1.92,4.59,1.1
310,6.68,8.39,9.9,6.72
311,10.23,7.72,9.65,7.65
312,-1.58,0.93,-0.9,-4.45
313,-3.36,5.71,0.08,-3.98
314,5.62,10.98,6.24,4.78
315,6.45,4.7,5.51,5.53
316,-6.97,-10.69,-2.27,-3.37
317,-12.52,-12.59,-3.62,-7.85
318,-5.24,1.06,0.4,-5.97
319,-4.35,4.33,-4.71,-7.63
320,0.54,1.62,-5.3,-1.69
321,7.91,1.13,0.64,2.85
322,6.55,2.36,2.42,-0.35
323,4.08,3.18,0.36,1.98
324,5.28,-0.67,0.71,6.84
325,4.81,-4.72,3.72,5.72
326,-6.41,-8.73,-3.98,-4.14
327,-6.7,-1.89,-3.41,-1.11
328,3.53,8.26,6.5,7.42
329,1.66,4.04,4.09,3.63
330,3.66,1.12,4.46,8.18
331,4.72,-3.43,0.21,9.92
332,-1.12,-7.97,-7.79,5.65
333,3.76,4.97,5.08,9.82
334,10.31,16.09,19.28,8.85
335,7.99,12.64,16.31,1.43
336,2.02,6.23,6.68,-7.27
337,1.74,5.09,3.58,-7.76
338,4.25,4.97,5.21,1.28
339,1.0,1.46,1.69,1.85
340,-1.06,-0.18,-2.29,-3.02
341,-2.61,-2.41,-5.17,-4.37
342,-2.16,-2.97,-4.44,-2.58
343,-0.88,-0.78,-3.21,-2.1
344,-5.92,-1.69,-8.36,-6.61
345,-6.21,-0.73,-8.59,-8.36
346,-4.59,-1.3,-7.1,-6.95
347,-4.58,-6.52,-8.03,0.16
348,-5.15,-10.48,-8.32,3.71
349,-9.77,-13.05,-11.22,-11.01
350,-7.88,-12.09,-9.52,-20.04
351,-3.39,-8.06,-5.19,-8.7
352,1.29,0.6,-1.94,9.58
353,5.19,6.63,-0.94,14.28
354,1.48,1.55,-3.04,1.18
355,0.39,-1.37,0.46,-3.91
356,0.41,-0.57,2.62,3.77
357,0.29,1.23,3.93,10.86
358,-0.88,2.35,5.07,6.03
359,-6.27,-2.35,-1.58,-6.73
360,-3.79,-2.56,-3.66,-8.03
361,0.7,1.53,-1.38,-1.22
362,3.94,3.77,2.53,10.7
363,4.34,1.46,3.38,13.27
364,-3.66,-3.23,-1.92,-7.19
365,-8.32,-2.35,-0.15,-27.61
366,-13.75,-3.94,0.52,-35.28
367,-13.67,-3.99,0.01,-23.2
368,-2.93,0.2,1.26,-2.95
369,0.99,-4.67,-8.52,3.63
370,3.6,-7.31,-12.75,12.82
371,9.17,1.37,-0.62,23.83
372,17.43,13.67,15.72,30.67
373,25.1,20.11,23.2,36.06
374,21.14,14.97,16.41,27.16
375,14.41,10.3,11.8,14.58
376,7.33,9.22,10.64,2.94
377,-0.56,4.43,6.98,-9.22
378,-0.91,1.37,6.85,-10.63
379,2.38,4.01,8.59,-5.76
380,0.14,5.21,5.93,-3.43
381,-6.27,-1.15,-5.32,-5.11
382,-4.69,-4.46,-9.48,-2.45
383,-2.69,-4.08,-5.65,-2.14
384,-8.92,-10.27,-10.26,-11.96
385,-7.39,-11.91,-10.38,-9.31
386,-1.75,-5.94,-4.75,0.16
387,-2.89,-2.59,-3.41,-3.16
388,-6.74,-3.4,-5.58,-11.33
389,-8.29,-3.98,-8.15,-12.8
390,-4.17,-2.37,-4.85,-5.01
391,-1.06,-3.89,-4.4,-0.91
392,1.64,-4.49,-4.96,3.11
393,2.81,-3.31,-1.61,6.81
394,-0.54,-4.02,-0.73,-1.45
395,0.11,-1.61,0.38,-7.68
396,-1.29,-1.75,-4.15,-7.63
397,-1.63,-1.89,-6.8,-2.83
398,3.16,1.71,-1.25,2.84
399,-0.71,-1.08,-2.82,-2.07
