,ch1,ch2,ch3,ch4
0,-2.24,-5.25,-3.17,7.46
1,-8.31,-8.76,-7.71,-1.93
2,-4.71,-4.65,-6.54,-6.84
3,0.59,1.54,-2.19,-3.64
4,2.49,3.45,2.22,-0.39
5,4.01,4.74,4.62,2.46
6,0.75,3.74,3.6,3.58
7,0.04,4.17,7.56,-2.85
8,0.46,5.57,9.64,-19.23
9,3.42,8.41,10.15,-22.22
10,6.91,9.18,9.6,-12.31
11,6.25,7.32,6.26,-4.02
12,9.4,9.37,7.43,9.71
13,11.25,8.75,6.14,18.71
14,15.19,10.23,7.58,24.91
15,22.59,16.06,11.72,32.8
16,23.12,15.5,9.48,32.59
17,17.29,9.99,5.98,26.2
18,4.53,1.79,-2.31,9.72
19,-1.09,-1.88,-6.45,-4.7
20,1.51,-0.91,-4.05,-9.77
21,-1.64,-2.88,-5.68,-13.95
22,-3.34,-3.71,-6.55,-18.25
23,-5.24,-5.95,-7.19,-29.86
24,-8.96,-9.32,-7.34,-24.8
25,-11.82,-9.74,-8.14,4.02
26,-11.37,-9.06,-7.1,20.09
27,-4.8,-7.3,-1.88,14.3
28,-2.16,-6.05,-1.55,-1.21
29,-2.16,-2.36,0.17,-6.97
30,-4.28,0.75,1.8,-3.45
31,-7.69,-0.75,0.37,-5.96
32,-5.34,-1.19,3.33,-10.24
33,-8.9,-4.81,1.24,-15.05
34,-17.33,-11.99,-4.47,-14.03
35,-21.88,-16.96,-7.35,-7.83
36,-22.7,-17.83,-7.6,-7.65
37,-17.04,-12.69,-3.99,-8.7
38,-15.08,-11.32,-5.78,-11.45
39,-13.79,-13.17,-7.74,-10.16
40,-6.16,-8.76,-4.71,-5.04
41,1.32,-0.94,0.91,-3.79
42,6.15,3.94,5.96,-0.47
43,2.57,1.17,-0.86,2.16
44,-1.14,-1.91,-6.4,6.71
45,-2.45,-2.55,-3.41,8.13
46,-2.26,-2.32,-0.09,5.56
47,5.84,2.95,3.68,9.28
48,8.58,6.63,2.3,8.0
49,5.35,5.33,1.37,5.42
50,5.27,4.1,2.14,7.21
51,13.81,9.04,3.33,9.8
52,25.51,17.75,9.82,13.61
53,20.21,18.33,10.41,10.97
54,10.9,13.12,4.97,11.27
55,9.94,9.29,1.55,12.07
56,11.06,15.44,4.66,1.77
57,13.29,19.43,9.97,-8.81
58,9.39,2.84,5.37,-3.42
59,5.92,-9.91,0.63,20.52
60,-0.2,-12.7,-4.15,27.94
61,-12.25,-12.26,-9.21,8.28
62,-5.26,4.87,1.03,-17.53
63,12.19,19.87,10.13,-39.68
64,13.93,11.42,3.59,-25.44
65,4.73,-4.1,-4.45,26.32
66,-6.79,-10.35,-5.5,51.04
67,-17.12,-7.74,-4.35,17.52
68,-20.0,-2.99,-5.49,-24.25
69,-9.14,-0.15,-0.25,-18.59
70,5.7,10.06,9.79,9.94
71,8.97,21.55,13.01,3.71
72,-4.04,17.51,6.99,-38.3
73,-15.14,16.87,-0.42,-60.97
74,4.11,23.83,5.07,-20.98
75,18.44,17.63,9.23,40.39
76,-11.86,4.44,-4.49,57.99
77,-51.02,-7.64,-21.74,30.82
78,-40.66,-12.35,-19.2,-9.34
79,9.3,4.17,6.28,-31.57
80,28.62,22.42,17.24,-29.61
81,28.46,30.28,10.14,-7.44
82,38.11,38.0,14.8,27.1
83,24.59,24.23,18.11,35.31
84,0.25,18.23,16.6,-1.47
85,-16.7,32.93,2.0,-49.11
86,-21.94,19.59,-18.12,-43.55
87,-6.43,-10.07,-16.71,15.06
88,-0.34,-26.73,-19.6,44.83
89,-4.46,-22.07,-4.49,26.72
90,-4.89,-15.13,31.08,1.36
91,-9.07,-11.62,31.52,-15.36
92,-15.06,-1.88,0.5,-22.18
93,-18.78,-1.03,-29.96,-17.2
94,-18.73,-9.93,-35.32,-10.28
95,-16.09,-24.03,-26.23,-13.25
96,5.6,-26.35,-11.91,-1.04
97,24.83,-16.3,1.89,19.64
98,-1.26,-23.7,-8.75,6.9
99,-21.02,-27.38,-17.52,-9.11
100,6.18,-10.47,-8.49,-2.43
101,26.9,-1.05,-4.9,-4.34
102,19.1,-5.71,-13.05,-11.86
103,3.86,-22.04,-25.15,-10.3
104,-8.0,-39.94,-12.49,-10.53
105,-14.0,-40.69,16.09,-11.15
106,-1.89,-22.36,23.22,-1.24
107,36.03,4.79,16.32,-11.61
108,52.77,12.0,1.07,-37.94
109,17.49,-15.6,-18.25,-3.98
110,-25.05,-24.58,-9.74,55.73
111,-37.65,2.44,18.03,55.61
112,-25.67,-6.91,15.87,-10.89
113,-7.05,-48.09,-17.21,-88.91
114,8.96,-27.65,-26.76,-82.94
115,5.74,40.45,-1.29,-13.89
116,-21.6,42.84,16.06,34.24
117,-35.63,-30.98,9.48,16.73
118,-35.85,-60.4,7.63,-43.07
119,-20.74,-3.68,14.3,-4.85
120,9.62,12.09,-7.29,82.52
121,3.27,-34.79,-31.88,102.83
122,-25.23,-22.95,-29.17,111.95
123,-35.45,7.88,-27.3,85.61
124,-28.64,-32.0,-8.19,31.6
125,-15.39,-55.33,7.6,-3.4
126,-0.81,-9.46,-23.78,-36.09
127,21.34,-23.54,-42.0,-25.26
128,44.05,-100.4,-20.12,14.46
129,71.81,-65.63,-1.62,7.88
130,94.84,85.65,1.04,-10.19
131,90.11,182.33,25.49,20.4
132,65.81,105.87,50.17,27.88
133,28.71,-9.51,33.3,1.35
134,24.67,45.43,24.84,4.4
135,53.86,137.72,32.93,-12.24
136,27.8,84.99,28.01,-30.2
137,-33.42,37.98,15.56,14.45
138,-43.02,66.32,9.15,36.81
139,1.6,57.28,22.81,-2.62
140,18.31,23.26,31.96,-38.93
141,-24.37,-25.53,-1.34,-52.69
142,-50.72,-67.22,-51.93,-30.59
143,-51.53,-13.16,-34.03,-11.37
144,-55.0,54.58,30.94,-33.39
145,-30.33,71.33,60.45,-48.53
146,-2.96,86.66,78.49,-34.87
147,-19.85,51.54,70.53,-7.41
148,-43.96,0.89,31.87,19.19
149,-40.38,-23.77,17.38,29.03
150,-22.41,-66.95,-9.8,7.49
151,-10.15,-71.83,-39.13,-23.03
152,-23.63,-65.37,-21.42,-43.65
153,-34.05,-102.64,-15.75,-50.4
154,-7.93,-126.06,-45.4,-41.45
155,17.48,-112.92,-58.65,-22.67
156,32.47,-55.37,-29.07,7.55
157,44.3,-28.32,-1.35,26.33
158,37.73,-51.31,-9.66,48.84
159,24.75,-41.63,-16.6,63.61
160,21.66,-10.46,-16.94,34.21
161,35.96,6.85,-14.48,26.03
162,44.34,1.97,4.25,44.7
163,21.52,0.24,14.48,27.71
164,-0.82,-9.32,4.16,9.18
165,-1.98,-35.85,-7.64,-5.87
166,7.46,-10.49,-1.51,-36.47
167,13.59,38.53,11.06,-31.37
168,2.33,11.31,0.65,0.66
169,-6.54,-28.86,-5.57,12.89
170,-5.7,-3.43,9.24,5.65
171,-8.84,13.46,7.76,2.53
172,-12.72,-10.55,-6.62,8.3
173,-11.96,-9.44,-4.75,1.99
174,-1.58,23.0,9.17,-14.83
175,5.49,34.91,7.29,-17.3
176,1.13,28.06,-2.23,-8.58
177,2.52,34.71,13.16,-19.56
178,3.63,45.8,27.07,-23.8
179,-2.49,34.21,17.86,5.48
180,-7.72,9.18,1.29,13.94
181,-7.03,6.65,-10.75,6.87
182,0.23,18.98,-8.28,14.38
183,2.88,14.21,-2.29,7.4
184,-1.35,10.33,1.56,-6.51
185,-11.0,14.91,-0.17,-14.96
186,-12.07,8.11,-7.08,-18.88
187,-1.13,8.96,-0.23,-6.78
188,-0.81,23.48,8.4,5.01
189,-0.36,21.26,5.14,-0.56
190,6.84,0.8,-2.13,-6.38
191,1.5,-7.39,-7.12,2.14
192,-5.76,3.04,-4.3,6.89
193,-2.38,6.46,-1.02,1.65
194,3.37,11.54,-1.73,7.29
195,5.34,26.61,-2.37,11.96
196,7.1,24.84,2.37,7.17
197,8.26,13.95,8.05,5.92
198,2.83,14.81,1.94,0.15
199,6.44,24.77,3.89,2.15
200,15.05,29.07,12.52,11.22
201,7.03,21.44,2.09,4.28
202,2.59,14.91,-5.84,-8.81
203,7.81,4.43,-3.89,-17.53
204,5.44,-5.13,-1.05,-1.16
205,-1.53,-5.53,1.12,27.03
206,-6.87,-15.09,-3.43,17.38
207,-7.37,-26.48,-5.73,-4.37
208,-5.94,-26.39,-5.74,-4.52
209,-2.5,-24.58,-4.57,0.87
210,-0.72,-26.7,-3.22,0.09
211,-3.81,-21.78,-1.77,-10.94
212,-8.11,-14.55,-1.01,-17.06
213,-12.15,-18.59,-5.75,-8.79
214,-5.12,-17.21,-3.88,-4.48
215,-0.02,-10.74,-3.53,-10.3
216,-11.98,-16.15,-11.12,-9.24
217,-18.5,-20.12,-10.68,-0.95
218,-12.11,-11.11,-5.95,-8.46
219,-7.3,-1.58,-1.95,-4.64
220,-11.03,-2.38,-2.24,16.61
221,-14.02,0.08,-2.26,8.9
222,-10.83,9.81,2.67,-10.35
223,-8.53,9.99,1.43,-11.38
224,-0.22,10.91,4.62,3.09
225,6.83,15.91,8.01,6.81
226,6.03,11.52,1.09,-5.83
227,11.4,12.35,1.95,4.28
228,14.81,21.21,6.79,15.92
229,8.51,22.13,6.55,4.53
230,-2.93,12.85,3.6,-1.54
231,-11.29,3.85,-0.91,-2.83
232,-7.49,4.18,-4.21,-11.06
233,-1.41,3.85,-9.49,-12.75
234,3.85,2.43,-6.46,1.55
235,4.67,4.43,1.0,8.46
236,-3.78,0.56,-3.1,1.87
237,-9.9,-6.46,-6.16,2.32
238,-15.76,-13.11,-7.36,1.79
239,-14.14,-14.67,-6.65,0.45
240,-5.35,-11.07,-2.55,3.09
241,-3.34,-8.92,-1.9,-0.16
242,2.97,-2.99,1.84,1.22
243,9.76,2.76,5.69,2.96
244,11.86,2.98,7.77,0.05
245,12.41,0.89,6.89,1.45
246,10.23,1.2,4.01,5.74
247,7.98,2.54,2.51,10.64
248,1.89,-1.45,-1.72,7.71
249,-0.75,-2.85,0.44,1.24
250,-3.85,-3.4,3.82,-8.55
251,-8.12,-7.68,2.22,-18.4
252,-2.77,-6.26,2.92,-8.52
253,-0.28,-6.05,-1.77,4.72
254,0.71,-7.92,-3.96,3.91
255,-0.18,-5.54,-2.48,-2.59
256,-9.26,-5.84,-10.15,-9.15
257,-8.74,-6.2,-11.59,-8.87
258,1.26,-3.32,-1.82,-1.78
259,3.06,-2.97,0.05,4.54
260,-8.35,-8.39,-10.28,-2.76
261,-13.44,-9.36,-12.82,-10.99
262,-4.02,-2.81,-3.46,-7.42
263,0.05,-0.59,0.32,-8.57
264,2.9,3.16,3.04,-4.6
265,4.35,8.45,5.48,5.64
266,2.12,10.77,5.14,12.86
267,8.11,12.57,7.35,18.54
268,7.8,7.4,3.08,13.36
269,-1.45,6.06,0.35,6.07
270,-8.27,9.26,1.84,-4.02
271,-6.33,5.01,2.81,-17.87
272,6.25,2.28,8.34,-14.9
273,12.42,2.17,8.01,-4.94
274,10.67,1.74,5.2,-1.78
275,5.37,0.73,2.91,0.14
276,2.59,0.26,1.08,5.09
277,4.66,-2.93,1.8,8.45
278,-6.62,-14.67,-4.1,5.76
279,-14.69,-11.12,-2.75,5.87
280,-5.58,6.39,4.4,-0.1
281,7.22,12.16,5.62,-9.07
282,15.56,9.61,7.27,-3.32
283,6.79,1.12,2.49,1.89
284,-4.09,-7.97,-4.33,0.95
285,-4.83,-13.75,-8.53,-2.41
286,-4.09,-16.4,-11.19,-1.62
287,-1.65,-10.99,-4.54,9.81
288,-1.22,-6.02,1.92,12.92
289,2.78,0.18,2.46,9.23
290,8.43,9.44,3.58,7.01
291,2.65,6.46,1.59,-5.97
292,-11.81,-6.47,-4.95,-25.66
293,-19.23,-11.86,-4.07,-31.72
294,-7.69,-1.56,10.35,-15.33
295,8.62,14.48,20.02,-0.33
296,21.13,23.91,18.34,8.02
297,32.02,25.55,17.57,27.18
298,29.94,21.57,17.87,39.87
299,21.19,14.89,17.69,40.13
300,11.33,6.9,11.23,30.33
301,-1.0,3.02,1.2,11.28
302,-6.37,7.65,0.8,2.6
303,-6.59,5.2,-1.98,-2.21
304,-5.94,-9.72,-11.32,-14.25
305,-7.49,-16.0,-13.8,-22.19
306,-10.71,-9.81,-11.25,-19.61
307,-14.81,-5.22,-10.57,-18.52
308,-18.21,-7.74,-13.82,-23.29
309,-11.7,-10.51,-11.87,-15.36
310,-3.02,-8.51,-5.8,-1.47
311,3.79,-4.71,-3.24,4.0
312,7.13,-3.76,-2.1,4.72
313,-0.36,-5.9,-4.44,-0.64
314,-0.1,-1.92,-2.71,-2.56
315,3.31,0.75,-0.95,-1.15
316,-9.03,-2.28,-6.05,-6.42
317,-15.94,-5.59,-7.96,-10.32
318,-6.77,-14.21,-10.05,-5.27
319,2.07,-13.95,-9.41,6.06
320,2.16,-2.94,-1.71,11.27
321,1.0,3.69,4.51,7.29
322,0.64,0.79,0.8,0.94
323,-3.87,-6.75,-8.91,-5.3
324,-1.66,-1.28,-4.4,-2.25
325,0.29,4.69,1.63,-0.61
326,0.15,1.13,-2.3,-2.26
327,10.9,3.54,1.58,2.11
328,10.28,3.21,4.83,-3.02
329,0.02,1.06,3.73,-0.51
330,-6.05,4.22,1.58,10.0
331,-13.24,4.78,-2.71,6.05
332,-5.49,6.18,1.16,-1.18
333,12.12,6.36,5.84,-5.11
334,14.28,3.66,4.19,3.79
335,4.5,4.41,-0.43,10.44
336,1.51,8.47,-1.18,2.21
337,7.34,11.23,5.01,6.79
338,4.67,7.82,4.56,15.6
339,-1.48,3.92,2.69,12.89
340,1.47,2.42,4.0,7.19
341,7.16,1.53,4.35,8.17
342,8.27,1.63,5.98,15.56
343,1.29,-2.46,0.64,9.94
344,-1.81,-3.91,-3.2,-2.01
345,0.15,-1.41,-0.1,-8.0
346,-1.89,-3.75,2.02,-13.83
347,-5.79,-5.88,1.68,-17.77
348,-9.51,-7.47,-3.64,-19.79
349,-4.79,-6.16,-2.66,-9.51
350,-0.46,-4.21,1.53,5.91
351,-1.07,-2.42,0.81,7.58
352,4.23,5.74,3.27,7.86
353,3.22,8.14,1.79,7.9
354,-2.5,3.89,-1.9,2.14
355,-2.97,0.07,-3.35,-3.97
356,0.16,-1.04,-1.44,-5.2
357,5.39,1.71,5.08,-1.23
358,4.84,1.8,3.95,-2.13
359,-0.15,0.04,-1.6,-5.83
360,-9.83,-4.4,-7.9,-8.11
361,-13.78,-5.51,-9.04,-5.87
362,-1.55,1.99,2.76,2.74
363,3.76,2.08,7.96,3.94
364,-2.92,-3.45,1.59,-2.71
365,-10.0,-4.61,-4.79,-8.43
366,-10.73,-3.27,-5.55,-10.33
367,-4.64,-1.68,-2.11,-9.85
368,-1.43,-3.15,-3.64,-7.37
369,1.84,-1.64,-3.69,1.94
370,1.92,0.91,-2.02,1.96
371,0.79,-0.88,-2.8,-6.17
372,2.22,-2.48,-1.23,-4.7
373,-7.61,-6.75,-5.34,-4.27
374,-13.65,-8.94,-8.3,-0.11
375,-5.3,-3.02,-1.85,7.46
376,3.09,6.54,4.67,5.19
377,7.39,11.95,7.48,1.74
378,6.36,7.65,6.89,0.92
379,5.38,3.39,5.77,1.36
380,2.62,1.27,0.56,-1.26
381,0.58,-2.56,-2.13,-1.33
382,3.29,-3.95,1.48,6.97
383,-2.13,-6.09,-3.66,8.54
384,-5.29,-4.94,-5.99,3.56
385,-1.01,-0.2,-1.11,-3.73
386,2.42,3.2,0.2,-7.67
387,7.15,6.91,3.76,-2.68
388,5.58,3.79,3.9,-0.88
389,3.79,-0.11,-0.1,0.02
390,5.89,2.77,-2.12,3.1
391,6.06,5.6,-0.01,9.38
392,4.06,4.42,3.18,13.66
393,-3.91,-2.3,-1.01,0.76
394,-7.95,-6.76,-3.98,-12.86
395,-5.53,-4.46,-0.01,-13.02
396,-2.68,0.61,6.31,-5.16
397,2.24,4.61,9.82,6.46
398,2.07,2.25,5.09,9.95
399,1.14,-1.32,1.0,6.05
