,ch1,ch2,ch3,ch4
0,-7.82,-5.24,-7.14,-13.3
1,-2.7,-0.68,-3.42,-1.97
2,-5.76,-4.28,-4.96,-1.43
3,-8.39,-8.2,-5.44,-3.39
4,-5.32,-6.78,-2.39,-3.88
5,-1.25,-2.3,0.34,-8.65
6,0.36,1.56,-0.0,-13.48
7,3.21,3.18,0.98,-10.05
8,4.72,2.1,2.52,-1.09
9,0.25,-1.03,-0.85,1.85
10,-2.39,-2.32,-1.95,-0.37
11,-0.44,0.39,1.58,-3.29
12,2.67,4.64,4.21,-2.37
13,0.32,3.62,1.91,0.17
14,-9.5,-3.29,-4.5,-5.25
15,-7.89,-2.47,-3.1,-8.26
16,5.08,5.63,2.55,-0.64
17,10.97,6.63,4.91,7.68
18,8.42,1.38,8.27,10.51
19,1.72,-3.02,7.74,4.36
20,-0.15,-3.52,1.89,-1.71
21,2.08,-1.79,-3.84,0.28
22,-5.61,-4.21,-7.92,0.87
23,-13.06,-9.34,-10.37,-0.46
24,-6.53,-9.1,-8.92,2.54
25,0.06,-5.01,-2.62,4.18
26,-0.74,-2.92,0.48,-2.59
27,0.39,-1.92,-3.94,-6.39
28,4.04,-0.23,-8.28,0.21
29,5.76,1.28,-4.76,6.45
30,4.32,1.43,6.59,7.96
31,-2.64,-0.7,11.92,4.17
32,-8.21,-2.55,5.56,2.66
33,-5.63,-1.39,-0.63,8.71
34,0.82,2.3,-1.68,11.38
35,6.99,7.69,0.63,10.33
36,7.34,9.62,1.76,8.53
37,4.1,6.27,0.33,5.07
38,3.85,3.07,-2.14,2.34
39,0.37,1.44,-5.26,-1.03
40,-5.85,-0.22,-1.18,-4.36
41,-9.03,-3.88,3.21,-8.02
42,-8.08,-5.88,0.24,-8.96
43,-3.1,-2.18,0.53,-3.76
44,-2.49,-0.06,-1.05,-1.55
45,-0.51,2.63,-3.35,-1.14
46,6.51,6.45,-0.35,-0.09
47,8.33,6.52,0.25,-2.63
48,4.91,8.82,-3.08,-5.47
49,-2.99,9.67,-5.08,-6.23
50,-10.26,3.94,-1.09,-6.03
51,-10.78,-2.73,1.5,-5.36
52,0.52,1.39,9.01,-1.26
53,13.12,12.03,22.45,-0.5
54,8.16,11.51,19.73,-6.01
55,-1.82,3.69,5.71,-5.46
56,-3.98,0.49,-1.49,0.47
57,-2.29,2.17,0.47,0.87
58,2.11,4.65,4.21,-1.36
59,1.81,9.02,5.21,-1.26
60,-5.12,14.0,6.87,-5.55
61,-13.72,9.79,2.61,-15.88
62,-16.7,3.77,-6.42,-18.64
63,-3.17,5.55,-4.37,-15.35
64,11.58,5.29,2.34,-30.3
65,11.97,0.22,3.99,-41.29
66,4.24,-1.45,-1.26,-21.01
67,0.79,7.92,-7.38,-25.05
68,5.14,13.78,-0.97,-72.99
69,-11.77,16.75,12.94,-86.37
70,-29.48,11.81,20.04,-16.32
71,-13.23,-20.25,8.3,75.18
72,-9.89,-36.67,-8.5,122.29
73,-15.32,-11.91,-13.13,87.25
74,0.66,29.68,-3.03,3.5
75,1.89,11.83,-13.42,1.95
76,-17.7,-39.55,-40.52,54.12
77,-30.94,-24.09,-37.47,96.04
78,-14.88,-31.44,-51.8,146.25
79,21.86,-87.33,-83.99,142.96
80,21.51,-65.77,-61.9,67.21
81,-6.98,9.03,1.34,-10.63
82,7.71,32.33,28.61,-47.04
83,32.09,34.55,18.81,-55.09
84,15.41,76.24,26.85,-59.41
85,25.17,141.05,53.55,-91.08
86,40.48,148.14,48.35,-108.14
87,3.65,64.33,-3.52,-29.17
88,-24.75,14.55,-25.5,41.07
89,-29.89,31.32,-4.33,7.48
90,-17.83,-6.02,-5.58,-34.53
91,15.69,-61.38,-23.79,-24.32
92,30.25,-30.7,-3.34,1.59
93,7.14,-4.53,27.66,7.08
94,-26.06,-28.58,17.24,-3.34
95,-27.07,22.52,21.64,-3.07
96,5.07,96.07,49.78,-13.59
97,16.35,53.39,44.51,-44.52
98,-14.83,-44.06,16.25,-49.19
99,-34.4,-96.34,-3.51,-18.17
100,-4.68,-85.64,0.87,18.7
101,9.69,-67.13,11.04,16.06
102,-14.41,-85.74,5.78,-14.69
103,-8.01,-111.55,-2.5,-12.52
104,17.18,-121.5,-10.24,8.32
105,20.02,-102.19,-9.91,20.02
106,21.24,-63.81,-3.76,32.47
107,31.48,-40.54,-9.75,38.16
108,34.83,-26.47,-14.11,27.83
109,28.36,-17.83,-11.44,13.7
110,20.9,-21.78,-10.67,7.82
111,9.67,-14.4,-2.24,-0.6
112,3.04,11.79,11.87,-10.03
113,12.56,18.32,5.41,-8.93
114,20.07,0.05,-10.86,-4.77
115,16.76,-5.96,1.32,-2.21
116,11.5,5.62,16.92,-0.69
117,7.73,16.83,7.84,3.2
118,1.9,16.88,-3.47,3.0
119,-5.52,14.05,-4.09,-7.61
120,-4.71,24.69,-0.28,-7.26
121,-2.45,36.58,-4.53,5.82
122,-6.13,29.85,-11.73,7.26
123,-6.43,19.34,-6.12,2.08
124,-5.47,16.98,1.64,2.49
125,-13.77,9.47,-3.65,-4.83
126,-27.86,-2.49,-20.37,-25.96
127,-29.05,3.85,-28.2,-43.16
128,-17.74,18.81,-17.03,-42.7
129,-13.09,10.36,-9.06,-24.89
130,-9.1,1.96,-7.23,1.28
131,-4.33,8.16,-5.1,18.43
132,-3.18,6.76,-4.05,27.14
133,6.66,12.64,4.34,35.57
134,17.34,30.92,13.37,32.11
135,15.75,29.35,13.83,19.82
136,4.02,11.87,7.72,6.09
137,-3.33,11.42,4.91,-9.21
138,-1.35,16.44,8.21,-13.82
139,-2.17,7.12,6.0,-4.57
140,0.21,4.96,5.42,8.13
141,7.94,11.85,10.68,6.73
142,6.79,5.84,8.26,-7.56
143,2.63,3.27,8.56,-15.45
144,7.02,13.39,16.34,-13.46
145,12.17,11.03,15.94,-1.64
146,11.36,3.69,13.11,13.71
147,9.94,9.81,15.58,19.1
148,4.68,10.77,13.98,12.08
149,-2.72,2.54,10.01,-0.83
150,2.69,5.69,13.37,-3.84
151,7.98,9.21,12.64,4.27
152,0.52,1.87,4.43,-0.68
153,-1.36,2.73,3.85,-12.45
154,2.51,9.69,5.32,-6.21
155,0.96,4.47,-0.52,8.25
156,-3.43,-5.18,-8.14,12.14
157,-3.62,-3.59,-6.74,8.55
158,-0.95,2.24,-0.4,6.31
159,-4.99,0.59,-2.82,4.78
160,-3.58,1.5,-2.38,3.82
161,1.28,4.59,0.17,-8.71
162,-4.06,-1.2,-8.37,-27.18
163,-9.43,-3.55,-15.13,-19.09
164,-14.37,-0.52,-14.78,6.43
165,-19.22,-1.71,-15.2,14.89
166,-16.2,0.39,-14.97,3.3
167,-7.7,7.62,-9.97,-7.9
168,-3.66,8.21,-7.83,-6.25
169,-5.82,3.65,-11.29,1.21
170,-6.46,5.22,-8.53,6.95
171,-3.31,6.66,-4.33,6.59
172,-2.93,0.94,-6.87,-0.45
173,-6.12,-2.27,-7.26,1.33
174,-1.48,2.12,-1.11,9.13
175,12.7,7.71,6.46,11.89
176,18.58,7.23,9.02,13.29
177,8.45,1.25,8.92,11.9
178,-0.79,-4.27,8.7,8.69
179,-0.33,-4.81,7.85,5.06
180,2.33,-2.6,8.73,1.63
181,-1.79,-7.48,3.42,-1.05
182,-9.02,-13.71,-2.55,-3.39
183,-7.76,-10.44,1.73,-6.99
184,-2.68,-5.53,4.95,-12.39
185,-2.19,-6.58,0.45,-13.19
186,-5.0,-10.63,-7.73,-12.18
187,-1.96,-7.98,-7.16,-5.7
188,5.2,1.02,0.69,4.86
189,4.42,6.55,2.56,4.39
190,0.69,6.73,2.86,0.26
191,0.22,2.67,2.64,-0.88
192,1.81,1.04,1.43,-0.77
193,1.01,1.84,0.06,-3.13
194,-2.24,-0.64,-1.45,-10.51
195,-0.12,-2.0,-0.14,-12.59
196,1.84,-1.29,-0.83,-7.7
197,4.64,3.99,1.26,4.3
198,9.37,8.81,4.7,15.58
199,3.35,0.74,-0.49,10.34
200,-5.17,-7.92,-2.48,-1.92
201,-5.37,-6.4,-1.38,-7.78
202,1.03,-1.25,-2.56,-1.31
203,5.29,0.44,-0.52,7.25
204,-1.55,-8.53,-1.54,0.34
205,-4.96,-11.36,-3.19,-3.9
206,-3.03,2.1,-3.94,2.22
207,-4.61,7.99,-6.85,1.47
208,-2.32,-0.53,-5.04,-2.99
209,-0.5,-9.14,-2.18,-6.25
210,-2.16,-11.48,-4.02,-6.64
211,-4.45,-12.81,-6.92,-5.33
212,-3.4,-6.41,-3.64,-3.65
213,3.43,9.15,2.82,2.55
214,4.5,11.91,2.54,6.05
215,0.02,1.5,-0.28,3.92
216,-1.15,-7.26,0.62,-0.16
217,0.28,-7.92,3.79,-3.1
218,5.43,2.09,6.99,3.48
219,10.36,10.34,8.24,9.05
220,3.01,3.45,3.27,-0.52
221,-7.11,-3.39,-3.14,-5.38
222,-0.88,2.58,1.79,8.1
223,6.46,5.24,7.88,14.5
224,2.2,0.9,3.99,0.79
225,0.43,0.19,1.03,-7.05
226,-1.41,-3.01,-2.25,-6.07
227,-4.18,-3.38,-5.61,-8.49
228,1.24,7.19,-2.22,-3.71
229,6.15,10.42,1.36,5.98
230,4.26,0.44,1.99,8.03
231,-2.61,-8.01,-1.24,-0.78
232,-7.65,-5.45,-4.05,-8.7
233,-6.0,-1.31,-2.16,-7.25
234,-5.39,-5.95,-2.76,-4.93
235,-6.97,-9.61,-5.55,-4.29
236,-5.72,-8.45,-6.16,-3.89
237,-0.72,-6.52,-3.38,-4.52
238,2.23,-2.41,-0.65,-6.19
239,0.08,0.39,-2.44,-3.95
240,0.84,-0.35,-0.52,5.48
241,1.47,-1.99,2.76,6.51
242,1.4,2.96,4.48,1.59
243,5.9,11.47,8.39,6.84
244,4.48,8.84,3.86,7.37
245,-0.94,4.7,-2.62,1.41
246,-5.36,2.08,-6.77,-3.94
247,-3.63,-2.9,-5.93,-2.18
248,4.26,-1.98,5.63,9.59
249,0.01,-3.09,7.26,5.45
250,-6.33,-2.74,0.99,-7.23
251,-5.1,2.39,-0.19,-8.34
252,-0.69,4.6,2.46,-1.39
253,8.79,4.51,5.59,5.33
254,12.63,2.23,3.55,3.84
255,7.85,3.09,4.02,1.05
256,-3.46,-0.32,2.58,-4.16
257,-11.25,-9.41,-4.47,-8.08
258,-7.31,-10.49,-8.67,-4.35
259,-6.23,-5.63,-7.73,-3.88
260,-5.81,-0.4,0.58,-1.88
261,1.33,1.43,5.7,2.83
262,9.26,3.08,7.19,4.03
263,12.86,7.75,12.12,8.06
264,7.54,7.13,10.74,10.34
265,1.51,2.26,5.33,3.68
266,-4.88,-3.8,-0.39,-15.0
267,-12.48,-9.37,-7.84,-28.06
268,-7.68,-3.98,-6.41,-15.2
269,1.86,5.14,-0.95,2.43
270,6.2,8.68,0.12,8.25
271,5.9,7.84,-1.7,5.81
272,3.33,0.72,-2.31,7.54
273,3.22,-3.68,-0.16,21.21
274,3.86,-1.32,-0.82,26.54
275,7.55,3.54,0.54,19.78
276,3.92,1.65,-3.2,6.59
277,-7.09,-5.84,-9.95,-8.57
278,-4.31,-4.24,-4.53,-7.27
279,0.74,0.44,-3.39,-2.87
280,-1.88,4.03,-7.25,-9.06
281,-4.75,3.71,-5.82,-15.68
282,-7.17,-6.08,-6.14,-16.88
283,-7.34,-13.24,-7.92,-10.79
284,-10.87,-12.8,-10.53,-6.82
285,-12.35,-9.13,-8.3,-3.52
286,-6.95,-7.23,-3.68,1.86
287,-1.68,-5.34,-0.99,0.97
288,1.65,1.63,3.34,-1.75
289,3.15,6.05,5.15,-0.28
290,5.97,6.54,8.04,3.01
291,5.81,4.59,8.3,4.06
292,6.93,4.49,9.16,6.9
293,9.06,7.66,13.29,4.49
294,3.66,6.44,8.21,-5.78
295,4.44,6.88,6.39,-4.1
296,2.1,3.2,5.89,-2.83
297,-9.92,-4.98,-1.31,-7.81
298,-9.92,-2.9,-1.7,-5.87
299,-3.49,0.6,0.27,-6.84
300,-0.67,0.02,-1.26,-1.51
301,-0.11,-1.17,-4.21,11.36
302,2.41,-0.74,-2.83,15.31
303,6.71,3.73,3.72,8.73
304,2.31,3.8,1.37,-0.93
305,-0.61,0.12,-3.46,0.17
306,0.35,-2.36,-2.91,2.15
307,-0.43,-1.68,-2.07,2.22
308,1.99,1.97,-0.44,7.27
309,1.61,-0.1,-3.45,5.19
310,2.76,-1.33,-5.59,4.29
311,0.83,-1.94,-5.14,2.86
312,-4.12,-5.72,-3.56,-3.13
313,2.87,0.77,4.83,1.9
314,7.63,10.22,6.85,4.21
315,6.1,9.78,2.16,-0.32
316,3.59,3.15,0.31,3.2
317,-1.26,0.26,1.55,9.06
318,-0.16,3.51,4.44,8.32
319,3.65,3.47,1.89,5.52
320,5.86,2.91,0.48,7.47
321,3.61,3.45,2.09,3.23
322,-0.83,0.82,0.63,-5.3
323,-1.7,-1.29,-0.97,-7.7
324,-4.62,-3.78,-2.0,-9.83
325,-3.61,-4.46,1.08,-5.92
326,0.93,-2.85,4.0,-0.65
327,2.58,-0.7,3.42,-0.8
328,2.36,0.8,0.29,-0.19
329,-4.19,-2.84,-5.1,-2.2
330,-7.13,-3.81,-2.39,-1.93
331,-5.25,-1.42,0.11,-2.9
332,-2.07,0.84,-1.46,-4.07
333,2.06,2.59,-0.02,-0.05
334,-3.52,-2.04,-2.8,-5.09
335,-6.01,-3.11,-2.67,-13.47
336,-0.8,0.5,0.58,-13.66
337,2.9,0.05,1.55,-4.2
338,4.93,0.95,3.24,7.33
339,0.28,2.88,0.27,6.22
340,-1.36,4.39,0.24,0.22
341,1.82,3.03,3.75,-2.75
342,0.22,-2.37,1.47,-0.99
343,-3.31,-5.99,-3.85,1.48
344,-5.87,-7.1,-8.14,-3.46
345,2.19,0.44,-0.57,2.59
346,11.98,8.29,8.33,11.97
347,10.09,4.67,7.91,5.82
348,1.68,-2.69,4.23,-2.21
349,-8.71,-7.79,-5.14,-4.11
350,-9.04,-7.9,-10.63,2.63
351,-5.09,-10.75,-12.43,4.87
352,-1.86,-9.2,-6.78,0.12
353,4.18,2.58,7.42,0.31
354,5.28,7.6,12.18,2.52
355,9.27,11.27,15.49,8.52
356,13.21,16.06,17.89,10.18
357,14.4,18.36,18.86,5.87
358,15.85,21.63,22.91,3.62
359,8.37,18.69,18.25,1.62
360,4.33,14.49,14.17,4.18
361,3.12,9.39,8.69,2.52
362,-3.88,1.44,-0.96,-1.42
363,-3.47,-0.04,-1.26,3.1
364,-2.92,-2.01,-3.51,3.42
365,-6.56,-5.84,-8.83,-0.68
366,-6.73,-6.46,-10.77,-7.45
367,-0.97,-6.28,-8.74,-11.49
368,4.95,-4.53,-3.63,-6.34
369,-5.17,-7.13,-9.14,-8.5
370,-14.27,-11.64,-15.56,-9.93
371,-9.7,-12.9,-14.08,-1.21
372,-4.21,-10.68,-12.08,3.23
373,0.02,-4.74,-9.1,4.01
374,0.02,-4.25,-6.48,4.04
375,-1.8,-5.8,-2.4,0.48
376,-7.06,-5.71,-3.99,-10.27
377,-10.2,-6.94,-8.36,-12.13
378,-2.81,-5.23,-4.56,2.47
379,0.46,-2.88,-3.55,7.69
380,0.68,0.47,-3.74,5.37
381,-4.17,-2.82,-7.21,0.12
382,-14.0,-12.33,-15.61,-8.25
383,-8.47,-9.64,-8.84,-6.25
384,0.45,-2.8,3.29,-2.71
385,1.49,-0.41,3.78,-4.8
386,0.65,0.24,-2.8,-8.82
387,-0.06,-1.22,-5.59,-7.45
388,1.55,-0.33,-1.61,-0.2
389,2.03,1.4,-0.55,3.19
390,2.61,2.22,1.44,4.99
391,-0.34,0.12,3.65,1.37
392,-5.0,-2.54,2.46,-4.5
393,-2.29,-0.26,3.85,-1.65
394,-0.48,-0.83,1.65,-0.86
395,0.73,-1.64,-0.5,-0.74
396,3.48,2.86,0.87,2.83
397,6.29,7.96,3.59,6.85
398,8.35,9.62,7.24,9.85
399,1.24,3.37,3.59,5.54
