,ch1,ch2,ch3,ch4
0,0.87,-2.41,0.7,-2.05
1,-1.8,-6.05,-2.4,-0.74
2,-1.27,-6.63,-3.63,1.64
3,1.41,-3.09,-3.38,-0.16
4,6.17,3.23,1.51,2.21
5,1.72,3.13,2.46,0.05
6,-7.58,-2.67,-2.41,-8.59
7,-1.59,-1.36,0.81,-0.72
8,2.83,0.09,3.35,8.68
9,0.41,-0.17,2.31,6.1
10,-1.05,-0.08,1.17,0.16
11,-2.08,0.14,0.89,-2.76
12,0.88,4.3,4.67,-3.3
13,3.27,6.86,6.03,-4.49
14,3.75,5.43,4.67,2.57
15,-2.46,-0.88,-2.71,4.25
16,-8.1,-5.67,-10.01,-1.94
17,-1.1,-1.23,-5.62,6.16
18,4.87,1.96,-0.89,14.56
19,3.1,1.73,-1.0,9.88
20,-2.85,0.2,-6.05,-0.24
21,-2.17,-0.59,-6.7,-3.71
22,4.49,2.58,1.78,-2.62
23,2.6,1.99,3.54,-5.29
24,1.45,0.8,2.04,1.29
25,0.93,-0.27,-1.52,6.27
26,0.12,-0.6,-3.08,1.18
27,5.61,5.06,3.11,-2.42
28,5.09,7.17,3.66,-5.17
29,2.22,5.6,2.78,-1.75
30,0.47,4.2,3.22,1.35
31,-6.43,6.95,3.26,0.16
32,-6.66,8.31,3.86,-0.6
33,-0.43,-2.8,-0.4,-4.55
34,0.61,-6.47,-0.91,-4.2
35,0.83,2.49,1.05,-0.33
36,4.46,8.57,-2.03,4.1
37,2.92,6.09,-4.35,0.97
38,-2.56,-5.42,-2.46,-9.08
39,2.83,-8.81,6.68,3.91
40,7.0,0.07,12.01,19.88
41,1.2,10.22,7.88,7.71
42,-2.9,18.12,4.99,-14.57
43,-6.01,19.05,2.42,-31.95
44,-3.7,12.67,1.44,-31.63
45,-1.23,0.47,2.39,-14.82
46,-4.1,-7.29,1.57,2.25
47,-5.68,-4.29,-6.99,10.68
48,-2.55,0.22,-18.24,10.54
49,4.67,2.59,-6.05,15.06
50,3.08,2.01,17.33,22.33
51,-3.69,-3.18,20.65,23.14
52,-4.13,-9.0,6.29,14.87
53,-2.44,-10.15,-6.8,1.14
54,0.26,-5.43,-1.95,-4.4
55,-3.06,-1.19,2.08,-7.61
56,-9.0,1.08,-4.1,-10.57
57,-8.87,-1.41,-7.02,-9.24
58,-7.84,-9.62,-8.74,-13.08
59,2.22,-6.21,0.77,-9.72
60,7.25,-2.53,7.87,-4.14
61,2.45,-10.36,-0.58,-4.92
62,6.82,-10.54,-5.21,1.43
63,6.07,-2.65,-1.15,0.99
64,0.18,5.11,6.74,-5.95
65,-0.72,8.01,6.79,-5.47
66,3.56,4.34,1.81,-0.21
67,7.7,-4.16,0.54,-1.98
68,2.66,-4.71,2.04,-9.61
69,-2.18,11.01,3.98,-11.36
70,-4.75,10.54,-12.84,-15.75
71,-1.06,-11.53,-29.93,-11.38
72,1.44,-20.08,-14.15,3.1
73,-3.93,-7.63,16.34,-13.38
74,10.2,17.12,39.53,-60.14
75,25.72,22.45,31.57,-95.02
76,5.91,10.98,2.85,-45.29
77,-14.58,37.95,-5.93,33.01
78,-13.38,58.93,-5.7,-36.34
79,-21.83,3.81,-9.01,-109.45
80,-32.12,-70.33,-23.75,5.21
81,-35.38,-85.67,-54.5,169.07
82,-55.02,-50.28,-54.81,218.32
83,-53.35,11.43,-17.42,140.55
84,-20.77,51.89,-6.29,71.34
85,-5.49,-25.49,-39.85,84.45
86,17.21,-124.17,-74.61,78.81
87,34.15,-90.12,-64.43,22.24
88,10.91,-41.07,-19.06,-13.94
89,-10.81,-51.09,3.43,-21.05
90,-1.56,-63.06,-15.87,-62.12
91,35.1,-32.32,-20.24,-96.66
92,55.41,83.52,24.78,-31.48
93,43.37,162.2,49.04,41.51
94,23.43,111.89,17.77,32.13
95,2.27,37.02,-30.91,-12.38
96,-6.57,33.95,-25.32,-48.47
97,-12.3,74.8,40.39,-59.67
98,-12.52,64.88,58.85,-57.85
99,5.09,3.08,32.75,-45.69
100,16.67,-20.25,28.7,1.06
101,18.77,6.93,32.66,49.66
102,18.0,33.34,13.07,39.8
103,0.27,31.74,-3.11,-17.85
104,-19.55,46.24,42.31,-54.37
105,-14.28,105.24,104.54,-42.2
106,7.57,91.47,98.13,-22.35
107,22.94,-10.63,46.37,-23.05
108,11.87,-65.07,5.44,-20.97
109,-3.99,-58.55,-18.46,12.37
110,-9.22,-77.22,-31.32,34.77
111,-12.33,-99.6,-23.91,8.13
112,-10.02,-84.66,-9.07,-31.41
113,-6.64,-92.13,-10.94,-32.73
114,-2.04,-121.0,-13.27,11.29
115,2.6,-110.23,-11.16,40.05
116,15.49,-64.38,-17.63,25.67
117,23.27,-35.76,-26.71,11.01
118,15.29,-25.87,-23.98,16.2
119,15.69,-5.54,-6.28,19.9
120,9.39,-5.73,5.4,11.98
121,0.9,-28.19,5.93,9.42
122,11.96,-17.34,6.57,5.02
123,17.99,19.35,3.35,-6.67
124,12.26,39.19,1.16,-6.12
125,3.1,38.81,5.24,-10.55
126,1.46,38.68,8.5,-14.55
127,8.53,41.71,2.51,5.73
128,9.86,38.03,-6.44,19.25
129,8.75,38.23,-1.62,5.03
130,3.94,41.66,3.02,-11.9
131,-0.72,38.33,-1.27,-3.77
132,-2.19,31.91,-0.02,5.5
133,-7.95,23.05,0.22,-11.91
134,-8.85,14.31,-4.09,-22.49
135,-5.01,9.9,-1.53,-10.76
136,-1.83,11.24,3.89,-0.94
137,-4.26,9.58,3.11,-1.09
138,-13.18,-1.36,0.12,-2.81
139,-12.58,-3.69,-0.23,3.62
140,-9.41,0.74,-5.65,8.16
141,-4.52,0.63,-5.87,10.42
142,8.22,2.71,6.08,15.37
143,9.23,2.0,6.58,7.75
144,2.12,-2.73,-1.22,-2.56
145,-2.28,-5.06,-3.58,-4.55
146,-4.38,-1.65,0.37,-2.08
147,-6.07,0.53,3.53,-0.82
148,-7.02,-3.81,-2.57,0.55
149,1.05,0.19,-2.98,6.1
150,2.64,4.01,-3.25,-2.37
151,-0.53,0.48,-6.44,-7.03
152,5.32,4.25,1.15,3.85
153,0.31,6.68,3.53,-2.77
154,-7.65,5.51,2.29,-10.51
155,-3.73,5.33,5.27,-4.74
156,3.02,7.2,5.65,-1.73
157,8.18,13.58,6.8,-1.94
158,8.35,15.37,7.7,2.74
159,3.15,11.61,4.22,12.95
160,-4.84,6.63,-2.6,9.89
161,-4.5,4.78,-2.38,5.02
162,-0.04,5.62,0.55,2.84
163,0.54,10.42,1.13,-11.93
164,6.6,19.86,5.51,-12.37
165,3.34,12.98,-2.52,3.39
166,-7.84,-1.49,-13.48,13.88
167,-4.82,2.4,-7.73,14.93
168,-2.0,8.36,-2.42,1.59
169,-7.16,3.28,-2.84,-8.32
170,-11.49,-3.78,-6.57,-6.58
171,-7.33,-2.93,-7.74,-2.72
172,1.21,4.0,-2.93,0.11
173,-0.41,6.11,-2.62,0.38
174,-2.25,6.43,-1.38,5.71
175,-0.13,5.04,-0.28,5.11
176,-0.53,3.51,-1.5,-0.44
177,-2.38,5.76,0.7,4.74
178,-5.49,1.54,-0.38,4.66
179,-5.12,-5.22,-2.04,-0.89
180,-2.7,-5.41,-0.83,0.07
181,3.42,-3.36,2.3,4.35
182,6.83,-3.36,6.08,4.8
183,-4.04,-6.04,3.62,-5.42
184,-14.39,-9.83,-0.69,-22.88
185,-19.08,-17.82,-5.87,-37.04
186,-17.97,-22.75,-8.9,-31.75
187,-9.62,-19.27,-8.05,-12.06
188,-2.6,-15.72,-8.27,5.07
189,7.55,-8.67,-0.65,17.33
190,13.21,-2.44,5.03,21.93
191,11.36,-1.57,3.39,25.55
192,11.71,-2.65,4.74,26.01
193,7.8,-6.67,4.5,18.2
194,3.8,-6.33,4.66,11.06
195,-1.15,-5.77,1.09,-2.41
196,-9.56,-9.56,-6.35,-12.87
197,-8.29,-7.65,-5.38,-9.22
198,-2.88,-4.19,-2.68,-8.8
199,-3.13,-7.2,-4.8,-14.02
200,-3.47,-7.9,-2.68,-15.59
201,5.53,-0.03,8.99,-6.32
202,10.11,1.29,11.65,1.02
203,-1.22,-5.77,-0.55,-2.98
204,-8.22,-4.45,-5.01,-1.68
205,-9.72,-4.79,-6.45,-5.56
206,-7.95,-8.59,-7.41,-11.64
207,-2.86,-1.86,-5.35,-3.84
208,-6.31,4.34,-11.66,0.52
209,-4.62,6.17,-7.9,0.44
210,3.83,6.19,6.23,-0.81
211,6.25,4.71,10.27,-0.42
212,4.17,5.74,7.95,5.44
213,0.45,3.74,4.17,5.32
214,-0.16,0.8,1.3,0.55
215,-1.67,1.36,-0.72,-1.55
216,1.41,5.19,3.53,4.97
217,5.91,4.7,6.57,4.14
218,-5.03,-6.76,-5.81,-15.26
219,-11.58,-14.3,-13.31,-15.22
220,-2.52,-12.26,-8.44,5.63
221,5.87,-2.41,-1.7,10.95
222,7.72,13.77,5.55,4.83
223,6.03,21.28,9.67,3.87
224,7.2,18.19,12.31,10.71
225,4.99,6.1,9.0,13.94
226,2.31,-3.95,5.09,13.47
227,3.66,-0.61,4.86,13.01
228,-1.01,-0.66,0.04,4.01
229,-2.28,-6.27,-1.5,-4.79
230,-1.36,-11.96,-5.02,-11.99
231,0.29,-10.92,-7.4,-8.07
232,9.31,1.99,-0.66,7.65
233,11.69,9.26,-0.49,10.88
234,5.14,4.67,-4.06,5.61
235,-5.92,-5.68,-8.69,-3.05
236,-9.3,-7.38,-10.06,-4.91
237,-1.91,1.56,-3.94,-0.9
238,0.31,2.56,-0.01,-2.79
239,-0.47,-0.44,0.77,-2.82
240,-6.14,-0.56,-5.64,-9.26
241,-7.28,3.14,-6.31,-8.02
242,5.15,10.1,6.16,9.7
243,12.77,13.61,14.52,13.97
244,8.86,12.86,14.78,4.95
245,-2.31,4.41,4.33,1.2
246,-3.05,-2.7,-2.09,8.78
247,5.4,-1.37,3.29,10.32
248,2.09,-2.01,0.96,-0.93
249,-3.14,-5.67,-3.84,-2.97
250,-4.99,-8.07,-4.79,-4.77
251,-6.05,-6.36,-3.56,-16.48
252,-6.65,-4.65,-1.88,-21.42
253,-9.42,-5.22,-4.12,-13.97
254,-3.62,-0.22,-2.84,0.5
255,0.92,1.9,-4.57,4.75
256,-1.15,-1.95,-8.69,0.55
257,4.26,2.09,-0.95,-0.83
258,11.85,12.7,13.81,-6.69
259,14.7,19.2,23.92,-1.2
260,5.04,13.46,16.31,10.63
261,-4.58,4.69,5.0,8.83
262,-0.23,0.82,6.24,2.74
263,4.39,-2.26,7.56,0.05
264,6.27,-0.81,4.57,6.27
265,2.55,0.9,-3.14,7.46
266,-0.67,2.05,-5.95,1.4
267,0.49,3.81,-3.35,1.67
268,-3.06,0.8,-6.44,0.68
269,-4.21,-2.16,-5.65,-2.48
270,-6.57,-5.95,-3.7,-8.54
271,-7.57,-7.49,-2.82,-10.2
272,-1.01,-2.03,1.7,-6.04
273,-0.56,-2.9,0.15,-3.21
274,-2.54,-8.14,-2.39,6.78
275,-2.98,-5.81,-0.85,12.9
276,-0.79,0.67,0.14,11.64
277,-0.16,0.78,-4.96,3.48
278,-5.05,-3.23,-11.49,-8.3
279,-0.32,0.01,-5.58,-4.98
280,4.33,0.4,-1.0,-1.0
281,2.13,-3.4,-4.17,-3.01
282,-0.24,-3.7,-4.86,-2.76
283,-2.51,-3.24,-0.52,-3.71
284,0.06,0.67,5.93,-4.14
285,-2.84,-1.35,-0.85,-9.3
286,-8.65,-7.57,-7.93,-12.09
287,-5.56,-3.97,-1.22,-5.65
288,1.21,2.77,3.67,-0.66
289,8.3,5.79,5.14,5.54
290,5.49,1.65,1.4,7.06
291,-1.04,-4.87,-3.01,-0.99
292,-2.46,-4.52,-1.44,-9.76
293,-7.97,-2.85,-2.06,-14.2
294,-5.91,0.73,-0.48,-3.58
295,1.59,4.97,1.09,10.33
296,6.38,7.21,0.94,15.41
297,7.17,7.81,-0.37,13.44
298,-0.52,2.37,-4.99,3.77
299,-1.54,-0.86,-0.62,0.77
300,-1.5,-3.63,2.09,0.44
301,-3.92,-5.86,0.44,-1.74
302,0.19,0.12,4.52,1.08
303,3.95,5.22,5.56,0.78
304,5.26,5.4,5.5,-2.15
305,-1.43,0.49,2.34,-5.56
306,-2.68,-0.7,0.59,-3.27
307,6.06,4.64,3.11,4.76
308,3.33,1.25,-0.63,2.94
309,-2.85,-4.57,-2.89,-7.4
310,-5.37,-5.05,-3.07,-13.59
311,-4.7,-3.03,-2.67,-2.06
312,-0.05,0.23,-0.07,14.47
313,0.31,0.18,-1.41,10.85
314,0.61,0.32,-1.59,-0.5
315,-0.91,-1.5,-3.92,-6.29
316,-0.47,-1.08,-3.24,-3.38
317,5.75,4.25,3.81,3.36
318,5.32,2.75,2.36,4.71
319,-1.07,-1.26,-0.39,6.83
320,-12.09,-6.4,-1.4,-2.18
321,-17.57,-9.46,-0.71,-21.04
322,-12.72,-4.28,2.16,-31.98
323,-6.9,0.55,1.83,-27.87
324,2.19,3.83,5.03,-5.66
325,6.53,4.22,3.62,8.24
326,8.15,2.76,-3.14,10.61
327,12.8,3.2,-3.38,19.15
328,14.58,4.96,2.79,28.04
329,13.82,6.57,7.88,29.58
330,3.47,0.38,1.04,10.09
331,-5.68,-5.48,-5.6,-6.37
332,-3.92,-4.01,-5.19,4.16
333,-1.09,-1.39,-6.59,11.58
334,-0.02,0.06,-6.14,3.78
335,-7.77,-5.44,-10.53,-13.3
336,-13.16,-9.69,-14.12,-21.83
337,-2.04,-2.46,-2.95,-11.72
338,8.22,5.42,7.81,-2.75
339,6.48,7.13,8.43,-0.87
340,-1.46,3.81,0.9,-2.45
341,-2.95,1.76,-2.71,-1.44
342,0.98,3.04,2.27,-1.38
343,-0.21,2.21,4.14,-3.21
344,0.75,2.35,6.69,3.07
345,2.13,0.39,7.21,1.45
346,0.54,-3.11,4.36,-9.2
347,0.12,-0.97,3.47,-8.87
348,-0.33,1.59,2.31,-2.42
349,3.23,3.85,5.52,4.6
350,3.82,4.27,5.9,8.25
351,-0.81,0.32,1.43,4.3
352,-4.04,-3.38,0.45,1.0
353,-5.78,-4.93,0.35,3.03
354,-1.3,-2.13,1.01,5.35
355,1.94,1.75,-0.68,1.68
356,1.17,2.49,-2.45,-0.27
357,-0.15,-1.27,-3.83,0.8
358,-2.09,-4.31,-7.12,-0.16
359,1.65,0.51,-5.47,-2.92
360,3.37,3.28,-3.65,-6.22
361,4.25,1.89,-0.55,6.23
362,5.33,1.06,1.83,18.8
363,1.86,0.33,-2.01,9.99
364,4.4,3.19,-0.69,1.8
365,4.82,1.68,0.41,0.99
366,2.75,-1.18,0.34,3.63
367,3.08,1.54,2.3,3.7
368,-0.19,2.27,-1.1,-2.32
369,-1.98,-2.14,-7.69,-2.6
370,-2.78,-6.74,-10.91,2.66
371,7.36,3.18,4.93,13.23
372,17.58,14.08,20.83,14.84
373,9.91,9.74,15.55,3.53
374,3.89,6.83,11.32,-0.8
375,0.65,5.07,7.46,-3.78
376,-1.54,1.44,1.64,-2.23
377,0.65,1.47,2.11,4.66
378,0.15,0.98,2.81,3.08
379,1.32,2.21,4.65,-1.87
380,0.54,3.85,2.97,-5.71
381,-0.37,3.1,-0.33,-0.25
382,1.69,2.0,1.65,4.44
383,-0.84,-3.33,-0.49,-6.11
384,-1.17,-7.53,-4.05,-8.33
385,-1.15,-5.95,-5.68,0.18
386,-2.2,-1.97,-4.41,6.67
387,-2.62,-0.86,-1.72,6.29
388,-8.23,-6.3,-5.92,-5.71
389,-11.53,-10.54,-8.09,-13.06
390,-14.0,-13.94,-9.58,-16.45
391,-12.35,-13.14,-10.2,-15.63
392,-4.07,-4.87,-5.26,-7.8
393,-0.45,-0.35,-2.09,-6.3
394,2.03,1.46,2.07,-2.27
395,-1.24,0.7,0.56,2.13
396,-6.63,-1.06,-4.32,3.12
397,-4.78,-1.11,-5.34,4.71
398,-3.19,-4.28,-7.01,-2.28
399,-0.78,-2.85,-2.02,-7.61
