,ch1,ch2,ch3,ch4
0,1.62,0.86,1.77,-5.18
1,4.73,1.45,5.48,-7.03
2,10.31,5.7,10.22,-2.17
3,8.58,5.61,6.11,-4.38
4,1.15,0.68,-1.27,-3.91
5,-1.33,-1.35,-1.43,5.48
6,-3.24,-2.77,-1.26,6.88
7,-3.75,-0.15,-0.13,2.38
8,-3.95,2.68,0.4,-3.64
9,-5.02,-0.62,-2.05,-5.11
10,-4.03,-4.64,-2.38,1.99
11,-1.11,-3.13,-0.58,8.59
12,2.7,2.87,1.34,9.83
13,-0.17,3.55,-0.87,2.11
14,-4.75,-0.29,-2.61,-6.67
15,-2.14,-3.48,-0.58,-7.29
16,1.69,-5.9,0.07,-4.42
17,3.17,-4.19,0.4,1.23
18,0.12,-2.16,-0.56,2.99
19,-1.39,0.12,0.5,-1.63
20,2.69,5.72,4.83,-3.69
21,3.62,6.43,4.75,-3.18
22,1.59,2.7,-0.03,-3.05
23,0.51,2.5,-3.21,-2.03
24,3.5,4.71,0.73,1.55
25,8.11,5.48,7.13,5.58
26,7.93,5.0,9.61,10.33
27,5.69,3.8,7.26,12.59
28,0.25,-0.72,-2.58,4.34
29,-1.91,-2.51,-7.59,-1.56
30,0.33,-0.75,-4.56,-0.53
31,-3.69,-3.51,-5.96,-4.42
32,-6.55,-5.86,-5.35,-9.47
33,-4.5,-6.43,-1.25,-9.79
34,-3.09,-8.39,-2.2,-5.28
35,-4.72,-9.05,-6.55,-3.74
36,-4.41,-6.36,-5.18,-2.72
37,-0.98,-3.23,0.04,4.72
38,-1.67,-1.88,0.39,6.55
39,1.27,3.85,4.11,6.44
40,6.07,8.01,8.55,8.24
41,5.28,5.87,5.09,6.67
42,8.36,7.66,4.43,10.3
43,8.83,7.46,5.5,11.09
44,1.11,0.89,3.91,1.01
45,-6.5,-3.91,3.18,-15.31
46,-9.28,-5.0,2.75,-28.81
47,-4.28,-3.01,2.76,-25.27
48,-0.69,-3.46,-3.75,-14.0
49,-0.42,-5.75,-13.76,-2.55
50,3.5,-4.14,-14.74,11.06
51,9.17,-0.0,-5.7,19.49
52,11.98,1.57,3.12,20.91
53,9.02,-1.37,2.05,17.98
54,9.38,0.96,-0.35,20.81
55,10.4,7.06,0.62,24.78
56,3.69,5.83,0.02,14.53
57,-0.19,2.39,-3.95,-1.24
58,1.09,3.46,-7.27,-11.72
59,1.84,3.43,2.25,-12.26
60,-3.36,-2.77,15.42,-8.17
61,-10.29,-5.09,15.88,-8.26
62,-5.78,2.86,10.56,-7.71
63,-0.48,8.42,4.1,-6.16
64,-6.0,2.84,-3.16,-5.62
65,-14.13,-6.12,-6.95,-6.64
66,-12.73,-5.79,-4.83,-4.6
67,-3.21,1.8,1.09,-1.58
68,-3.43,1.87,1.51,-7.63
69,-9.04,-2.24,-3.79,-13.73
70,-6.06,-0.25,-7.16,-12.16
71,1.98,4.77,-1.08,-4.98
72,4.95,5.75,7.65,2.3
73,-2.04,-0.62,0.09,3.14
74,-4.89,-5.0,-9.8,2.24
75,0.4,-1.58,-5.83,3.02
76,2.07,3.57,2.65,2.25
77,-0.34,6.01,11.28,0.91
78,-0.52,5.05,13.72,2.82
79,5.69,6.37,10.85,4.59
80,4.43,8.43,3.88,-1.73
81,-5.12,7.31,-7.69,-6.11
82,-2.16,8.59,-5.15,4.19
83,3.67,7.43,6.09,10.08
84,-2.6,1.62,7.41,-1.52
85,-11.1,-1.5,3.41,-11.67
86,-8.78,2.3,-1.06,-6.05
87,1.57,10.86,-2.43,5.18
88,6.61,18.18,0.68,8.65
89,4.78,21.59,6.38,5.68
90,-0.05,19.87,11.42,-1.86
91,1.44,13.82,12.32,-13.2
92,11.66,9.75,11.26,-9.59
93,15.59,18.95,-3.43,14.4
94,9.25,18.02,-22.95,22.21
95,-1.84,4.03,-10.1,-13.84
96,-9.91,10.16,17.57,-54.56
97,-7.25,19.8,28.66,-49.95
98,-6.68,3.78,19.11,-18.28
99,-23.12,-36.08,-12.94,10.88
100,-19.16,-41.39,-28.71,-7.28
101,11.64,11.65,-11.45,-51.89
102,2.82,28.66,-4.0,-30.22
103,-19.58,-11.52,-6.57,-11.22
104,-20.92,-27.58,-2.16,-18.34
105,-30.07,-9.15,-8.51,23.98
106,-27.44,12.46,-22.74,66.0
107,-21.79,-9.11,-26.76,104.05
108,-19.34,-50.76,-26.15,85.53
109,-6.03,-26.54,-22.67,-3.61
110,-5.24,-7.48,-20.59,2.57
111,-6.84,-31.47,-29.07,62.3
112,-8.73,-50.75,-34.46,41.73
113,-17.73,-71.06,-31.94,-10.34
114,-4.36,-62.43,-16.91,-16.23
115,17.7,-10.06,-1.46,-4.08
116,12.63,-25.89,-46.36,-5.25
117,1.53,-139.55,-90.36,-18.36
118,4.9,-150.16,-33.77,-38.41
119,3.65,-25.19,32.71,-27.88
120,10.03,89.85,46.14,-40.73
121,30.27,126.61,24.43,-48.73
122,35.43,100.96,-16.13,48.08
123,10.24,75.46,-19.02,103.0
124,-18.94,71.34,13.93,31.35
125,-24.52,51.99,36.02,-34.07
126,-12.74,18.27,39.55,-27.93
127,11.39,55.08,42.24,2.31
128,29.2,163.83,58.41,-4.57
129,25.89,218.66,77.34,-40.97
130,-4.75,164.02,94.43,-58.54
131,-26.15,65.83,88.13,-44.5
132,5.87,15.66,55.37,-19.57
133,30.61,0.85,51.51,-2.17
134,20.69,-16.72,46.22,15.62
135,18.68,-25.23,-7.22,25.77
136,17.6,-68.09,-49.86,14.18
137,14.73,-116.82,-52.74,13.65
138,16.97,-140.26,-50.92,25.46
139,23.74,-140.83,-45.43,23.88
140,26.4,-106.62,-35.53,17.85
141,13.37,-95.2,-36.09,12.28
142,12.49,-104.79,-30.5,2.12
143,26.88,-78.7,-23.85,2.4
144,24.22,-43.95,-24.42,28.06
145,8.57,-43.28,-5.92,37.41
146,5.53,-37.24,22.87,12.22
147,12.99,-4.94,30.7,-0.58
148,9.58,-1.22,13.44,-0.15
149,5.74,-15.65,1.75,-2.53
150,5.43,-2.01,-1.09,-5.65
151,-8.86,2.44,-12.59,-9.31
152,-16.79,-10.51,-4.15,-6.43
153,-5.93,5.69,20.46,-4.37
154,2.09,29.6,23.9,-3.18
155,-6.48,13.75,10.9,-6.35
156,-12.55,0.51,4.85,-11.34
157,-1.11,25.5,8.57,-3.89
158,1.14,33.8,9.12,-3.54
159,-4.91,21.71,11.72,-8.11
160,-5.48,25.61,10.84,-5.4
161,-9.62,25.5,-4.33,-6.29
162,-8.22,16.26,-10.17,-8.84
163,-3.3,16.98,-3.13,-11.55
164,-0.71,23.46,5.58,-4.07
165,-0.96,16.55,10.73,6.5
166,-4.73,3.09,3.72,4.41
167,-0.06,7.89,-2.75,4.24
168,2.74,11.47,-2.03,2.5
169,0.65,2.58,-1.07,-2.49
170,1.4,3.48,-3.57,-4.58
171,-1.77,6.44,-7.59,-7.36
172,-2.01,-1.24,-5.92,-3.05
173,-1.88,-9.76,-9.49,-0.04
174,-5.35,-8.77,-14.63,0.21
175,-6.35,-4.63,-7.76,3.75
176,-7.58,-3.32,-3.0,-1.21
177,-7.11,1.08,-3.66,-9.85
178,-5.91,1.95,-3.74,-9.85
179,-0.6,2.5,0.07,2.44
180,5.39,9.24,3.77,11.94
181,0.64,9.12,0.86,9.44
182,-2.97,3.77,-0.48,3.51
183,-0.83,5.03,-2.6,-3.27
184,2.51,13.41,-3.9,-0.64
185,3.66,16.8,-1.32,3.1
186,1.83,13.88,2.05,1.23
187,5.23,15.01,8.89,7.03
188,5.56,14.22,8.07,5.38
189,-0.62,9.55,3.02,-7.57
190,-8.56,5.27,0.99,-20.1
191,-12.18,4.39,-0.24,-25.55
192,-8.04,6.59,2.67,-13.25
193,-6.04,4.7,-0.09,0.17
194,0.66,5.39,-1.91,14.46
195,10.14,6.78,1.91,31.87
196,10.9,2.0,1.29,31.73
197,9.78,1.09,1.68,23.96
198,5.63,3.27,0.81,20.0
199,2.97,2.35,-0.83,19.03
200,4.77,-1.37,-0.32,11.97
201,-3.64,-9.48,-5.07,-3.82
202,-11.5,-14.91,-9.44,-16.39
203,-12.84,-16.18,-11.31,-23.35
204,-12.87,-16.84,-9.56,-17.56
205,-6.05,-12.24,-3.79,-13.96
206,-6.04,-9.85,-4.29,-17.79
207,-7.8,-10.1,-3.95,-11.35
208,0.91,-5.04,0.81,-7.24
209,7.31,0.79,4.6,-4.56
210,4.81,0.15,4.9,-0.54
211,-1.94,-1.2,1.52,-3.49
212,-4.44,2.55,0.15,-4.52
213,-2.51,-0.08,-1.23,-1.39
214,0.69,-4.55,3.12,3.23
215,0.33,-2.0,6.9,0.95
216,-4.47,-1.33,-1.32,-5.57
217,-3.95,-2.5,-5.11,-3.86
218,-4.63,-2.01,-1.65,-4.6
219,-9.07,-1.43,0.84,-5.63
220,-9.46,-3.44,-0.89,-4.24
221,-5.07,-4.35,-4.44,-6.09
222,-3.11,-1.66,-6.08,0.59
223,-4.59,0.95,-4.78,9.53
224,4.47,7.39,6.18,11.28
225,6.95,7.97,7.8,4.31
226,-6.03,-1.58,-5.22,-6.15
227,-8.55,-4.19,-6.27,-4.88
228,-0.41,1.11,1.1,-1.0
229,6.37,5.29,5.22,1.44
230,5.92,2.92,4.29,3.76
231,2.48,1.12,2.68,3.55
232,6.63,8.75,7.73,12.13
233,5.59,9.69,6.43,13.33
234,-4.6,0.61,-2.14,-2.44
235,-9.26,-1.72,-4.75,-9.98
236,-4.42,2.54,0.34,0.71
237,1.77,2.33,4.46,11.25
238,0.05,-1.87,-0.51,6.52
239,3.29,1.31,-2.03,4.79
240,8.39,2.42,-0.03,12.47
241,1.98,-3.71,-2.18,10.69
242,-3.48,-4.44,-3.51,-1.33
243,-4.91,-1.93,-5.83,-9.68
244,-1.1,1.46,-4.92,-5.17
245,2.98,2.63,-3.84,-0.9
246,1.34,2.76,-2.54,-0.63
247,2.16,4.21,4.39,3.12
248,1.05,1.54,3.91,-0.36
249,0.2,2.8,1.9,-3.91
250,-2.47,2.58,1.32,-6.78
251,-9.99,-4.74,-3.76,-15.14
252,-5.09,-3.04,0.11,-10.59
253,2.64,1.1,4.14,-3.2
254,0.93,0.39,0.16,-3.76
255,-0.73,1.03,-1.11,-1.89
256,1.21,1.48,0.58,0.69
257,2.4,-0.64,0.2,1.71
258,-5.93,-7.28,-5.96,-4.95
259,-12.69,-10.02,-8.15,-11.45
260,-8.92,-5.75,-5.54,-8.38
261,-0.98,-0.56,-3.2,-0.88
262,6.46,4.35,3.11,5.43
263,3.52,3.96,3.65,3.2
264,-0.57,2.34,0.7,2.71
265,-0.74,2.7,0.13,5.7
266,-3.58,2.02,-0.24,2.14
267,-2.6,2.33,2.72,-3.48
268,-0.91,0.93,0.38,-7.48
269,3.44,2.51,-0.86,-0.38
270,6.99,2.42,2.7,11.14
271,1.7,-6.06,-0.87,8.97
272,0.13,-4.74,-2.49,1.42
273,2.0,4.38,0.44,-3.65
274,4.79,7.93,6.66,0.08
275,7.44,7.15,12.89,8.86
276,2.16,1.06,8.35,5.24
277,-1.85,-3.0,1.67,-3.13
278,-1.02,-1.09,-2.0,-2.57
279,-0.09,-0.15,-3.84,3.77
280,-0.19,-2.53,-4.74,-0.24
281,3.0,-0.97,-3.65,-6.69
282,8.17,5.16,2.09,-0.43
283,1.33,1.79,1.64,-0.17
284,-4.21,-5.15,-0.72,-2.04
285,-3.02,-5.92,-2.45,-1.51
286,-3.85,-4.17,-4.77,-3.89
287,3.11,2.46,3.07,5.45
288,7.08,6.1,5.82,13.87
289,4.08,4.16,-0.53,9.69
290,2.71,4.14,-1.87,2.46
291,-0.4,1.89,-0.89,-2.96
292,-0.28,-1.88,0.2,-3.58
293,-0.18,-4.82,-0.79,-5.75
294,-2.87,-3.28,-2.57,-6.7
295,-3.37,1.76,-6.16,-1.41
296,2.04,6.04,-7.09,7.84
297,9.22,11.16,1.77,12.21
298,0.51,3.43,3.01,-4.34
299,-10.26,-12.1,-1.89,-15.23
300,-7.04,-16.43,-0.62,-3.71
301,-1.27,-9.76,3.24,2.44
302,0.55,-0.48,4.86,1.83
303,-3.43,-0.4,-2.86,0.99
304,-2.62,-1.31,-5.38,0.19
305,-2.05,0.96,0.65,-1.71
306,-10.66,-5.68,-0.4,-6.91
307,-15.23,-13.74,-2.55,-8.89
308,-14.83,-11.39,-2.14,-6.77
309,-8.94,-2.03,-1.23,0.33
310,-2.48,-0.12,-2.76,2.24
311,-2.04,-2.8,-4.48,-0.52
312,-1.8,0.73,-1.21,0.1
313,-4.69,-0.7,-2.91,-6.45
314,-3.68,-1.93,-5.53,-9.66
315,2.32,4.05,-2.57,-2.85
316,6.44,8.54,2.62,3.19
317,9.93,10.66,7.29,3.43
318,7.55,7.37,3.48,-1.2
319,6.74,4.4,1.19,1.79
320,6.3,3.5,2.28,5.35
321,3.63,2.97,1.27,1.46
322,7.47,6.19,4.2,2.75
323,5.59,3.56,3.38,1.6
324,2.72,0.59,3.99,-0.71
325,8.82,6.16,7.59,7.19
326,9.77,8.99,2.49,12.18
327,3.94,5.03,-1.8,8.33
328,-0.92,-0.39,-0.2,-0.17
329,0.11,-1.54,3.11,-3.72
330,1.13,-1.52,2.35,-1.84
331,-0.82,-3.27,-1.65,-1.39
332,0.69,-2.29,0.26,1.76
333,-0.68,-1.28,1.82,4.58
334,-1.3,2.73,2.57,10.42
335,0.56,7.66,5.16,5.38
336,-5.11,5.09,3.38,-19.13
337,-10.52,1.21,-1.02,-32.91
338,-10.05,-2.73,-4.48,-27.51
339,-3.73,-4.02,-1.25,-10.48
340,5.56,-0.09,3.12,8.46
341,13.95,3.61,2.97,24.39
342,20.33,5.34,3.39,38.0
343,15.28,1.43,-1.7,36.02
344,8.15,0.15,-4.46,26.52
345,6.47,5.56,-0.24,18.94
346,4.21,7.37,1.81,7.06
347,2.22,2.89,2.4,-2.66
348,-5.23,-7.92,-3.14,-13.09
349,-6.88,-11.7,-6.15,-20.68
350,0.99,-3.82,-2.4,-17.46
351,0.65,-1.32,-3.1,-10.59
352,-5.66,-3.72,-5.01,-5.64
353,-10.59,-4.02,-7.18,-6.74
354,-8.36,-0.85,-4.22,-1.96
355,-6.02,-0.51,0.36,2.18
356,-6.72,-3.69,-1.36,-6.83
357,1.02,0.85,0.4,-8.82
358,1.92,3.45,-0.51,-7.34
359,-4.16,1.06,-2.15,-7.07
360,-2.79,1.88,0.91,-2.58
361,2.02,2.29,1.26,-1.51
362,5.96,2.46,2.41,-3.38
363,2.81,0.3,1.03,-4.12
364,1.44,0.02,1.07,3.14
365,1.05,2.24,3.44,5.48
366,-6.08,-1.09,0.17,-1.71
367,-7.19,-5.06,-1.97,-2.33
368,-6.53,-8.09,-4.45,-3.56
369,-6.55,-6.5,-3.15,-5.19
370,-2.64,-1.67,1.86,-3.52
371,2.29,-0.48,3.06,-1.5
372,8.16,2.18,6.51,2.5
373,4.61,1.15,4.82,2.16
374,-3.36,-3.56,-1.18,1.12
375,-4.45,-4.61,-3.03,4.28
376,-3.29,-4.87,-3.09,7.73
377,-4.14,-5.28,-2.73,4.83
378,-8.14,-5.9,-6.14,-1.29
379,-2.72,-1.54,-4.37,5.4
380,8.06,5.79,2.86,12.23
381,7.51,5.99,3.57,8.26
382,5.28,3.7,2.39,10.64
383,7.03,1.69,2.02,11.48
384,8.55,1.43,3.19,5.74
385,3.56,1.37,1.58,0.81
386,-2.99,-0.91,-2.85,-1.32
387,-0.1,2.85,-1.83,3.23
388,-0.26,4.7,-3.51,1.94
389,-1.15,2.53,-3.0,-1.13
390,2.6,0.98,2.35,1.2
391,5.74,0.82,4.43,4.3
392,7.66,4.25,6.6,4.92
393,-1.3,6.32,1.02,-6.08
394,-8.95,9.3,-4.03,-13.12
395,-6.77,-0.14,-1.2,-8.25
396,-4.74,-16.24,0.28,-4.86
397,-2.15,-14.17,1.2,-2.61
398,-2.9,-8.58,-1.86,-2.42
399,-1.93,-5.7,-1.99,-1.64
