,ch1,ch2,ch3,ch4
0,0.71,0.73,0.7,6.57
1,-0.8,-0.02,-0.64,1.24
2,-6.54,-4.79,-3.82,-4.09
3,-0.1,-1.34,1.84,2.67
4,7.31,4.74,5.57,5.45
5,2.17,4.07,0.13,-1.35
6,-2.49,0.51,-4.58,-2.69
7,1.61,-1.05,-1.07,3.48
8,0.82,-2.97,3.44,3.9
9,-7.99,-6.75,-1.46,-6.69
10,-2.34,-4.14,-2.9,-6.63
11,13.43,5.16,5.0,11.31
12,13.31,9.31,7.68,14.77
13,0.63,4.88,2.06,2.16
14,-7.73,-1.93,-4.69,0.6
15,-4.15,-2.07,-4.96,7.64
16,1.29,2.84,-3.12,7.57
17,1.09,4.22,-3.24,-0.53
18,2.55,1.4,-1.13,-7.82
19,-0.39,-4.7,-1.54,-11.19
20,-5.11,-7.58,-1.18,-10.44
21,-2.71,-3.36,2.59,-10.26
22,-1.14,-1.44,3.44,-9.82
23,-2.88,-3.47,1.09,-6.92
24,-3.72,0.16,-1.94,-2.91
25,1.87,10.07,2.4,10.99
26,6.59,12.77,7.37,18.91
27,-0.13,5.28,3.13,4.07
28,-7.55,1.68,-0.55,-10.65
29,-8.69,3.67,0.82,-8.7
30,-7.88,4.22,3.09,-3.31
31,-8.34,1.45,1.1,-7.04
32,-8.62,0.39,-1.06,-9.84
33,-4.86,5.73,2.13,-4.88
34,-0.65,9.75,4.64,-1.75
35,4.14,11.27,5.28,1.36
36,7.45,11.55,4.44,13.42
37,4.3,8.82,4.81,22.15
38,-1.21,4.54,7.25,4.52
39,-10.14,-4.54,2.29,-30.18
40,-18.63,-12.43,-7.93,-44.64
41,-12.52,-9.02,-10.58,-27.94
42,3.16,-3.08,-4.52,-2.31
43,7.7,-7.22,-2.6,11.1
44,3.82,-10.28,-6.47,11.61
45,9.25,0.93,-3.21,14.79
46,17.8,12.45,5.44,24.57
47,16.2,9.28,5.72,31.57
48,5.56,1.1,-0.06,28.39
49,-2.7,-0.56,-0.59,12.66
50,1.62,3.67,3.94,-3.44
51,0.73,3.14,-0.5,-6.26
52,-14.32,-12.49,-16.3,-2.17
53,-24.77,-21.38,-21.57,-5.77
54,-20.25,-3.42,-8.33,-17.18
55,4.65,20.49,11.32,-21.23
56,28.47,22.8,18.51,-13.39
57,22.32,8.12,11.91,-5.02
58,-1.19,0.21,5.14,-5.31
59,-21.38,-3.49,-2.99,-11.02
60,-16.75,-10.19,-4.79,-4.25
61,10.62,-4.77,3.42,10.29
62,29.34,22.78,18.51,12.66
63,28.85,37.81,28.07,3.7
64,15.53,13.41,15.89,-3.27
65,3.45,-14.95,0.13,4.29
66,-5.02,-18.77,-6.22,10.51
67,-6.69,-1.68,-0.94,6.39
68,1.15,6.81,7.23,7.89
69,-4.04,-9.28,-1.59,3.66
70,-17.59,-23.53,-14.58,-11.12
71,-22.21,-25.31,-17.53,-12.68
72,-24.19,-24.3,-19.19,-1.92
73,-11.25,-14.97,-16.07,4.64
74,13.99,1.51,-3.74,-8.05
75,17.72,6.82,4.16,-37.05
76,4.48,-0.46,0.49,-47.99
77,-5.12,-10.2,-8.13,-27.76
78,-5.18,-4.46,-12.03,-23.66
79,5.68,22.32,-4.48,-52.46
80,8.99,28.44,0.3,-60.74
81,-4.57,-5.74,-9.91,-25.45
82,-21.76,-31.34,-10.27,13.83
83,-34.64,-16.49,-5.96,25.15
84,-41.99,-12.15,-13.18,60.72
85,-38.13,-21.39,0.8,81.6
86,-17.42,-11.72,17.45,-19.72
87,0.16,-46.95,0.33,-35.37
88,6.14,-73.11,-30.97,179.73
89,6.49,-11.63,-56.52,297.84
90,-3.55,24.52,-38.39,165.8
91,-8.51,0.21,13.89,11.95
92,12.78,-33.72,9.65,-23.22
93,42.23,-62.4,-32.01,4.55
94,33.57,-28.93,-15.82,-12.87
95,20.85,0.03,18.47,-49.55
96,47.63,-49.03,14.21,-56.08
97,54.05,-28.83,-0.11,-100.61
98,29.14,90.54,-8.11,-146.86
99,33.91,144.76,5.26,-53.5
100,31.58,69.29,19.29,91.86
101,-17.66,-4.78,-7.9,73.79
102,-44.46,46.1,-32.1,-14.18
103,-16.32,159.28,-9.12,-19.04
104,16.7,187.35,16.42,-33.75
105,2.91,111.56,-2.46,-73.82
106,-30.75,61.89,-28.12,-43.34
107,-26.72,67.96,-10.78,13.64
108,-10.57,48.09,21.99,-13.53
109,-21.57,25.33,44.76,-62.7
110,-29.32,73.03,62.78,-17.64
111,-12.86,90.0,63.15,38.93
112,-1.65,27.48,49.14,33.82
113,-8.17,-14.57,42.79,13.0
114,-4.08,-68.84,19.81,-5.97
115,16.76,-131.58,-17.11,-19.73
116,22.41,-114.89,0.36,-24.66
117,12.08,-87.76,38.58,-34.38
118,2.68,-127.42,32.65,-38.02
119,1.89,-147.45,13.15,-8.88
120,13.56,-112.15,-7.07,31.71
121,20.58,-87.35,-25.57,41.95
122,14.03,-79.94,-24.48,21.87
123,5.7,-76.87,-21.47,12.42
124,5.65,-57.28,-16.9,23.26
125,15.17,-19.96,6.52,19.92
126,19.29,-10.88,20.41,3.43
127,20.53,-0.92,0.09,9.97
128,20.76,11.5,-19.59,23.76
129,1.54,-34.83,-6.26,8.91
130,-12.9,-75.58,10.79,-20.05
131,-2.58,-34.54,6.83,-25.93
132,6.82,23.74,6.19,-0.74
133,5.17,32.32,9.49,15.37
134,4.07,17.78,1.32,10.58
135,3.67,3.81,-6.98,6.49
136,-2.13,-3.25,-18.36,-4.23
137,-5.36,12.95,-23.2,-13.33
138,-1.81,26.8,-6.18,-0.53
139,-5.18,8.39,6.73,8.53
140,-11.43,-10.45,4.02,-8.94
141,-11.52,-1.59,0.51,-24.77
142,-13.91,9.42,0.6,-8.71
143,-17.84,6.97,-7.66,10.96
144,-16.63,15.15,-17.15,-2.41
145,-8.56,33.1,-10.49,-23.25
146,-5.76,31.5,-8.68,-16.92
147,-7.72,24.63,-18.09,6.11
148,-4.62,31.9,-15.89,13.36
149,-5.32,28.91,-7.21,-2.03
150,-3.07,17.44,-4.33,-8.58
151,1.16,17.03,-5.66,0.88
152,-3.97,13.34,-4.38,2.76
153,-5.84,5.28,0.11,-3.17
154,4.61,14.18,1.4,-3.43
155,12.75,26.46,2.47,-2.63
156,2.15,13.21,-0.52,-11.84
157,-6.54,0.13,-5.41,-14.09
158,2.56,12.7,1.01,-1.45
159,5.21,17.47,10.28,6.54
160,-2.46,2.4,12.49,4.01
161,-5.85,-8.73,9.29,-5.06
162,-4.28,-11.16,7.11,-5.02
163,0.23,-7.13,6.86,10.9
164,5.29,2.7,2.33,15.8
165,10.71,14.57,5.23,5.35
166,6.47,10.9,6.94,-4.0
167,-3.27,-4.95,-0.66,-6.77
168,1.49,-3.42,2.24,-0.41
169,10.86,4.11,5.93,1.68
170,11.04,-0.35,1.99,2.95
171,3.76,-8.33,-1.25,13.6
172,0.32,-11.15,-4.31,17.12
173,4.68,-9.78,-7.74,8.89
174,2.35,-11.5,-6.86,-0.73
175,-5.5,-11.91,-0.45,-6.99
176,-7.14,-7.31,0.39,-7.53
177,-7.18,-5.53,-4.04,-4.58
178,-8.1,-2.14,-2.04,-3.16
179,-4.15,6.41,1.33,0.19
180,1.38,9.01,-0.32,2.83
181,-0.1,5.64,-1.42,-1.3
182,-6.2,4.3,-3.9,-4.55
183,-8.83,4.81,-7.54,-4.94
184,-5.44,3.52,-2.94,-5.79
185,2.34,8.53,5.05,-2.22
186,-0.48,11.01,-1.73,-4.62
187,-9.99,-3.62,-12.06,-8.0
188,-7.69,-11.88,-9.46,0.49
189,-2.73,-5.06,-8.39,0.76
190,-0.92,3.21,-6.48,-5.51
191,1.12,10.26,-2.32,-6.92
192,6.11,14.28,-10.34,3.93
193,11.4,10.67,-21.19,17.87
194,0.98,2.07,-4.28,1.88
195,-11.17,6.27,32.47,-17.82
196,-7.2,18.3,42.45,-12.73
197,-3.17,14.3,33.92,1.24
198,-0.25,2.21,28.79,14.79
199,10.61,6.56,18.75,19.12
200,19.59,22.75,6.24,18.51
201,13.46,20.69,-7.07,19.37
202,-1.16,-0.2,-12.61,17.74
203,-5.77,-12.56,-6.71,16.08
204,-0.72,-12.19,-6.88,12.51
205,2.69,-7.61,-11.26,3.3
206,-0.0,-1.15,-9.45,-9.45
207,-5.13,-1.09,-6.43,-19.91
208,-9.7,-9.35,-9.34,-30.17
209,-12.42,-11.35,-13.33,-33.3
210,-6.94,-0.14,-5.94,-14.43
211,-4.49,4.57,-2.37,-1.74
212,-8.64,-3.51,-8.24,-10.41
213,-7.31,-7.03,-6.34,-17.92
214,-6.99,-7.87,-4.96,-13.01
215,-6.54,-8.28,-6.35,6.54
216,-4.29,-5.82,-3.08,14.53
217,-3.57,-3.49,-0.49,1.98
218,1.95,1.38,-0.08,-1.01
219,6.25,0.32,-1.99,-0.2
220,3.66,-8.1,-1.73,-4.81
221,0.19,-10.25,0.85,-2.02
222,0.17,-7.67,-0.27,4.25
223,1.39,-7.21,-0.45,7.12
224,0.69,-4.07,1.73,5.89
225,-1.97,3.22,2.27,1.92
226,-5.24,5.16,0.38,-3.08
227,-3.6,2.12,0.12,-4.31
228,0.59,-1.0,1.49,-0.23
229,3.4,-2.83,4.16,6.97
230,11.66,3.1,12.98,12.91
231,17.73,10.43,14.81,11.55
232,9.94,7.77,6.39,8.99
233,-2.4,0.02,3.09,5.84
234,-6.47,-3.73,3.02,2.03
235,2.67,2.06,5.26,3.65
236,11.75,10.1,9.18,2.69
237,9.14,10.9,8.56,1.86
238,6.3,8.87,6.6,10.74
239,5.39,4.77,3.66,11.17
240,5.41,0.72,0.88,5.07
241,4.84,-1.11,-3.93,10.97
242,-4.53,-2.4,-10.01,10.48
243,-12.03,-2.27,-8.25,-3.71
244,-9.65,-3.37,-3.81,-11.52
245,-3.99,-0.49,-1.7,-8.05
246,-2.09,6.23,-2.0,-5.05
247,-0.25,7.96,-2.61,-1.4
248,5.69,6.13,-0.58,6.31
249,6.23,2.38,-1.72,0.95
250,3.15,0.55,-2.49,-11.46
251,-0.1,1.01,-2.39,-9.3
252,-3.81,0.62,-3.17,1.25
253,-2.33,2.14,1.65,3.67
254,-1.26,1.03,2.69,-4.06
255,-3.28,-4.35,-1.07,-10.74
256,-2.65,-7.11,-0.53,-8.22
257,0.45,-5.68,2.14,3.71
258,1.37,-4.72,2.39,7.35
259,-1.04,-5.32,-0.87,-4.12
260,-0.63,-2.51,-0.98,-8.0
261,-3.07,-1.56,-1.04,-4.12
262,-10.86,-8.8,-7.1,-8.06
263,-14.23,-13.4,-11.29,-9.37
264,-12.82,-8.1,-8.03,-2.68
265,-5.29,-1.59,-1.76,1.87
266,1.71,-0.51,0.11,3.4
267,4.63,0.02,1.96,4.02
268,9.14,4.91,5.61,3.61
269,8.61,9.22,2.62,0.25
270,4.92,8.73,0.53,-0.09
271,0.49,3.8,3.2,-0.89
272,-2.87,0.33,5.97,-2.73
273,-0.94,1.98,7.59,-0.62
274,-3.04,0.77,5.32,-6.92
275,-7.85,-3.56,3.34,-10.01
276,-8.58,-5.48,-0.54,-2.02
277,-6.66,-2.64,-2.96,2.57
278,-3.44,2.01,0.6,5.78
279,2.22,7.04,5.0,10.77
280,10.2,12.6,10.18,13.32
281,9.18,11.11,7.62,5.34
282,1.91,7.98,2.31,-5.39
283,2.26,9.55,4.4,-4.59
284,2.07,6.2,0.45,-3.38
285,-0.42,-0.29,-6.99,-1.92
286,-2.53,-1.76,-5.73,1.6
287,-6.82,-1.1,-1.8,-0.26
288,-6.48,-1.39,-2.21,-8.28
289,-2.5,-0.54,-5.82,-15.69
290,0.68,-1.02,-8.57,-4.89
291,2.22,-3.57,-6.05,12.97
292,5.05,-0.44,4.21,13.31
293,4.14,0.27,6.77,-3.54
294,-0.03,-3.67,-0.42,-13.59
295,5.36,-0.38,1.92,-6.29
296,9.83,2.26,6.88,0.13
297,4.87,-0.72,6.13,6.03
298,-0.1,-4.36,3.54,17.88
299,-1.3,-7.34,-1.31,24.16
300,2.96,-7.24,-2.71,18.81
301,5.96,-5.92,-2.08,1.9
302,3.89,-4.83,-3.16,-9.27
303,2.54,-3.29,-3.26,-1.66
304,0.28,-4.26,-4.29,2.3
305,0.04,-5.82,-3.51,-0.32
306,2.26,-5.92,-3.2,-0.77
307,1.22,-4.72,-6.06,-3.61
308,-1.29,-2.22,-5.55,-0.12
309,-2.21,-0.54,-1.49,7.63
310,2.33,2.47,3.53,8.67
311,7.07,2.76,1.31,1.06
312,6.06,0.9,-4.2,-6.78
313,1.94,0.87,-3.03,-7.01
314,-1.12,-1.56,-2.17,-4.81
315,4.11,-0.25,0.38,-2.69
316,9.52,3.8,3.27,1.84
317,8.12,4.37,2.48,8.19
318,5.83,2.96,2.19,7.96
319,4.64,1.13,2.05,3.31
320,6.27,1.77,4.42,6.59
321,5.21,-0.53,2.56,9.94
322,3.36,-4.19,-2.54,4.98
323,5.05,-2.79,-0.75,1.31
324,4.86,-1.65,1.64,5.95
325,4.92,-0.48,1.49,11.42
326,2.88,0.44,0.87,1.03
327,-3.36,-3.53,-0.91,-14.71
328,-10.04,-9.4,-4.27,-13.4
329,-10.81,-9.83,-5.55,2.07
330,-3.46,-2.36,-1.19,15.11
331,-0.25,5.03,2.4,10.57
332,-2.44,5.42,3.14,-4.32
333,-5.94,1.14,2.72,-22.8
334,-10.53,-0.49,1.57,-39.11
335,-9.04,3.1,3.37,-31.92
336,-4.83,5.19,2.84,-10.55
337,-1.72,5.35,-0.7,2.22
338,2.49,7.48,-0.27,9.99
339,1.36,6.19,-0.91,14.48
340,-1.26,4.46,-1.25,15.84
341,2.52,8.38,3.71,19.16
342,7.82,11.5,8.39,23.25
343,8.69,8.67,5.95,18.58
344,0.78,-0.67,-4.02,-2.11
345,-12.0,-9.0,-10.9,-19.99
346,-17.56,-8.73,-8.36,-18.64
347,-9.67,-1.92,1.09,-7.01
348,-0.51,3.12,6.48,-4.56
349,-2.79,0.83,-0.08,-11.58
350,-4.62,-0.39,-3.73,-8.67
351,-3.59,0.3,-1.0,-3.97
352,-6.78,-3.18,-1.41,-4.98
353,-4.86,-2.89,0.35,-3.87
354,-1.69,-0.88,0.3,-6.71
355,-4.67,-4.82,-3.11,-11.64
356,-6.9,-9.9,-3.88,-12.59
357,-4.5,-9.84,-2.18,-8.8
358,-0.99,-4.11,2.19,-0.24
359,-2.84,-1.28,1.99,4.81
360,-2.9,-1.15,0.53,4.72
361,2.43,1.13,2.96,5.75
362,2.56,1.54,0.87,6.38
363,-1.46,-1.04,-4.92,2.31
364,-3.53,-2.51,-5.63,-7.12
365,0.25,0.22,0.15,-9.96
366,5.99,2.83,4.82,-1.46
367,2.78,0.19,3.1,5.13
368,-1.38,-1.77,-1.09,5.49
369,4.02,1.83,-3.66,4.2
370,8.5,3.45,-6.26,11.93
371,11.64,3.69,-4.03,23.72
372,16.73,5.99,3.89,-6.18
373,6.55,2.24,2.8,-62.48
374,-16.72,-6.24,-4.59,-38.52
375,-23.95,-9.3,-3.67,38.22
376,-14.85,-4.9,-1.12,53.64
377,-6.93,1.12,-4.04,21.93
378,-5.12,0.97,-7.73,-0.48
379,-12.82,-4.73,-5.24,12.34
380,-13.22,-3.49,5.28,33.91
381,2.82,5.91,10.06,18.71
382,17.53,14.67,8.58,-8.23
383,19.61,16.1,9.29,-10.16
384,11.36,6.63,4.95,-2.13
385,4.24,-0.23,-0.58,-4.17
386,-0.7,-0.37,-2.13,-14.06
387,-3.96,-1.94,-1.57,-22.93
388,-1.47,-1.0,1.41,-21.78
389,0.46,1.09,1.2,-6.08
390,1.4,1.23,0.01,13.44
391,1.94,-0.09,1.99,7.69
392,0.58,-0.28,2.97,-9.5
393,-5.71,-1.35,-1.04,-9.22
394,-13.93,-8.17,-5.24,-13.28
395,-8.2,-10.13,-2.99,-14.71
396,-0.78,-6.67,-2.94,2.76
397,-7.32,-6.22,-6.36,11.32
398,-12.58,-4.2,-6.02,0.99
399,-4.43,-0.84,-3.59,-7.25
