,ch1,ch2,ch3,ch4
0,-2.65,-2.38,-1.6,-8.48
1,-3.45,-1.8,-0.55,-3.09
2,0.25,-0.77,-1.21,2.08
3,10.41,4.77,5.39,7.0
4,14.35,10.93,12.49,5.46
5,4.96,5.93,8.48,-3.15
6,-5.31,-3.26,-0.31,-4.3
7,-2.84,-2.73,-0.74,7.94
8,4.44,2.47,3.64,17.12
9,-0.09,-0.69,1.37,7.23
10,-8.94,-7.33,-4.08,-10.08
11,-8.42,-9.45,-8.56,-14.29
12,0.57,-4.45,-5.11,-2.18
13,8.26,3.65,5.1,9.89
14,7.7,3.96,7.89,7.62
15,4.82,0.76,3.59,-1.58
16,4.42,-1.45,-3.4,-8.14
17,5.45,-1.54,-5.14,-8.8
18,3.18,-0.05,-2.51,-6.19
19,-2.35,-1.72,-4.32,-4.05
20,-2.43,-2.25,-4.44,-1.84
21,0.34,-2.71,-3.32,-2.58
22,0.94,-2.86,-1.55,-0.82
23,-1.76,0.22,1.12,5.44
24,-4.33,3.72,1.65,8.32
25,-0.67,7.34,4.12,5.46
26,4.08,7.36,5.07,-3.39
27,8.5,6.2,5.59,-6.61
28,7.19,5.2,6.09,-2.3
29,-2.14,0.86,0.9,-2.31
30,-3.47,0.66,-1.33,2.32
31,2.49,4.13,3.06,7.95
32,6.07,4.52,8.18,6.75
33,5.75,2.68,8.09,9.28
34,1.53,-0.14,0.8,9.31
35,-0.74,-1.72,-3.52,2.56
36,-3.03,-4.02,-3.9,-3.85
37,-6.67,-6.16,-5.67,-7.17
38,-7.42,-5.15,-6.27,-1.68
39,-9.62,-6.8,-6.92,2.96
40,-11.1,-8.93,-7.42,-9.05
41,-5.36,-6.14,-5.03,-20.06
42,4.73,-0.62,0.17,-7.77
43,8.98,2.92,3.15,11.08
44,5.19,2.98,3.32,12.96
45,3.17,3.93,4.46,4.5
46,-2.67,1.33,-0.75,-2.93
47,-8.5,-4.23,-5.18,-3.67
48,-1.23,-3.24,-0.71,1.79
49,5.11,0.8,1.63,2.66
50,4.15,2.43,3.03,0.85
51,-0.89,-0.12,2.24,0.44
52,-4.79,-3.28,-1.96,-1.22
53,-2.99,-2.08,-3.37,-3.15
54,-1.36,-1.02,-2.57,0.01
55,0.47,-1.67,-0.02,5.96
56,3.84,1.89,4.4,6.69
57,3.94,5.4,8.7,1.91
58,-4.33,-1.17,4.59,-14.93
59,-11.42,-7.1,-1.1,-31.06
60,-6.9,-3.21,2.17,-22.15
61,-0.59,0.14,3.42,-2.16
62,0.97,0.7,-0.95,7.98
63,0.32,1.07,-4.94,11.67
64,2.16,2.61,-3.64,14.14
65,11.03,8.37,4.63,18.73
66,18.05,11.74,10.06,25.97
67,14.29,8.11,5.82,23.03
68,4.65,3.34,-1.45,7.03
69,-0.71,1.74,-2.25,-6.0
70,-0.14,2.71,1.85,-11.22
71,-0.25,2.22,0.45,-16.34
72,-0.36,2.0,-2.73,-12.5
73,-1.39,0.85,-2.86,-4.16
74,-7.29,-7.09,-7.43,-6.69
75,-9.88,-10.4,-8.84,-5.23
76,-7.97,-4.34,-4.41,-0.14
77,-9.21,-1.82,-5.83,-5.01
78,-11.66,-4.26,-9.39,-12.33
79,-9.44,-7.54,-10.55,-16.84
80,-1.17,-7.23,-6.52,-12.81
81,4.94,0.03,2.94,-0.53
82,3.07,4.55,5.35,4.75
83,-1.06,1.38,0.25,1.2
84,-0.29,-2.7,-1.18,-0.19
85,3.28,-3.4,2.01,1.02
86,3.16,-0.52,4.39,-0.23
87,3.14,3.19,6.12,3.19
88,2.47,2.7,5.35,9.66
89,-3.84,-0.31,1.61,6.78
90,-3.92,2.81,3.06,3.36
91,6.56,9.19,7.84,9.23
92,12.0,7.53,8.16,12.78
93,3.33,-2.33,1.55,1.23
94,-8.86,-9.18,-6.53,-13.79
95,-10.28,-6.42,-4.91,-11.38
96,-6.9,-4.3,-1.05,-0.8
97,-4.46,-4.5,-3.38,5.15
98,-3.24,-0.74,-6.59,5.31
99,-4.68,1.23,-7.28,0.88
100,-1.11,1.68,-2.44,0.28
101,0.34,-2.12,-1.42,0.51
102,-0.71,-7.24,-7.31,1.44
103,3.57,-1.85,-6.46,5.1
104,7.3,7.13,4.42,7.87
105,12.57,10.81,16.04,10.2
106,14.37,8.19,17.0,7.67
107,7.48,2.54,8.18,2.72
108,-4.87,-5.19,-7.23,-0.53
109,-16.58,-7.3,-15.25,-3.63
110,-14.34,6.08,2.18,-0.87
111,-4.41,19.21,20.24,2.15
112,7.18,23.59,21.01,1.33
113,16.5,23.51,15.88,-2.5
114,2.34,16.31,5.97,-11.16
115,-17.15,9.97,-0.27,-10.7
116,-20.49,6.84,-3.0,-10.95
117,-13.15,3.99,-9.49,-16.74
118,-7.58,1.84,-15.56,-12.32
119,-17.44,-4.83,-12.21,-9.45
120,-14.33,-0.93,6.68,-5.9
121,1.84,15.54,19.0,4.19
122,1.59,21.39,13.06,5.07
123,-3.57,15.27,-3.07,-3.64
124,-3.1,7.33,-16.92,-17.35
125,5.67,15.52,-4.33,-35.41
126,19.66,24.0,22.08,-45.04
127,21.71,-2.79,30.38,-34.58
128,14.2,-21.76,22.34,-22.88
129,6.7,0.3,13.82,-32.86
130,6.39,12.66,5.96,-55.43
131,9.33,-14.51,-6.33,-52.44
132,-1.41,-28.65,-2.57,14.33
133,-14.78,-0.19,7.37,46.62
134,-27.91,16.73,-8.76,23.21
135,-27.11,-3.08,-23.76,68.11
136,0.6,-33.49,-24.62,76.54
137,6.14,-61.02,-24.97,40.69
138,-19.14,-75.91,-30.71,75.86
139,-26.47,-88.53,-47.73,74.48
140,-9.26,-78.74,-35.39,59.38
141,1.53,-11.1,7.12,117.72
142,-21.93,-37.28,-15.05,132.17
143,-27.63,-150.99,-93.56,73.73
144,36.09,-79.66,-91.56,20.2
145,69.4,68.74,-3.41,-34.85
146,31.95,51.36,39.24,-76.17
147,11.32,-24.03,0.92,-78.45
148,31.13,-5.93,-18.51,-84.87
149,43.19,78.19,29.19,-76.79
150,26.79,119.04,62.56,-38.22
151,7.56,127.23,34.54,-29.7
152,-4.43,125.99,-3.42,7.29
153,-22.82,89.11,-13.92,63.08
154,-48.06,62.98,-22.86,-0.95
155,-50.43,54.8,-36.5,-79.86
156,-33.8,31.68,-24.13,-38.62
157,-16.95,28.05,20.29,-14.58
158,13.56,102.46,68.63,-49.96
159,31.47,179.19,85.05,-11.11
160,11.65,137.98,76.81,49.74
161,-4.53,23.23,55.9,29.22
162,15.58,-40.37,-4.25,-9.82
163,22.13,-49.95,-42.66,-19.22
164,-12.41,-80.61,7.43,-26.13
165,-23.57,-105.25,56.71,-17.9
166,-1.78,-71.51,47.28,7.98
167,17.36,-40.15,16.33,11.99
168,27.05,-80.52,-5.71,-6.04
169,29.36,-117.29,-9.63,-12.94
170,34.15,-91.84,-7.55,19.06
171,33.57,-74.82,-10.77,55.72
172,23.89,-75.04,-15.91,36.79
173,11.74,-63.84,-17.8,7.97
174,0.94,-54.51,-15.27,22.69
175,3.47,-56.32,-3.34,19.9
176,15.16,-50.08,9.33,-17.88
177,21.17,-30.44,4.86,-17.24
178,14.24,-33.14,-15.61,9.85
179,-3.06,-29.0,-29.83,8.15
180,-10.91,6.13,-9.54,11.88
181,-8.32,9.49,22.42,16.8
182,-4.46,-1.75,28.56,-17.34
183,1.24,27.0,17.4,-28.45
184,-3.84,35.11,-6.09,-0.06
185,-16.86,-6.71,-21.61,-4.38
186,-22.81,-25.72,-13.6,-18.09
187,-19.69,-6.24,-7.35,4.48
188,-12.11,5.57,-7.54,13.53
189,-1.3,21.87,-0.0,-2.22
190,7.66,45.77,1.91,-1.85
191,-0.89,31.0,-12.11,-5.3
192,-11.47,7.75,-15.58,-17.46
193,-8.03,17.36,-5.07,-6.4
194,-6.84,17.89,-0.45,8.71
195,-5.19,5.63,2.9,1.26
196,1.93,22.0,0.58,-13.06
197,3.27,38.8,-6.96,-6.99
198,-0.15,21.25,-1.22,2.38
199,-2.02,8.56,9.39,-9.68
200,0.86,19.47,7.43,-7.07
201,4.28,14.61,-7.29,9.66
202,4.34,1.01,-8.57,-4.44
203,3.9,6.49,9.2,-16.89
204,-0.65,5.09,8.25,10.61
205,-5.57,-7.77,-8.61,25.7
206,-5.73,-7.63,-13.58,-1.85
207,-4.73,-4.56,-9.46,-6.21
208,-3.48,-9.49,-4.05,18.76
209,-2.21,-8.72,1.31,17.72
210,-0.11,-0.62,6.39,4.69
211,-0.21,-1.14,5.39,-5.17
212,-6.57,-11.11,-4.78,-18.21
213,-14.05,-14.23,-13.07,-30.47
214,-12.01,-6.82,-8.37,-31.39
215,-4.23,1.29,1.86,-15.03
216,-1.46,7.06,0.74,-4.35
217,5.62,11.82,-3.14,-9.07
218,13.22,11.18,-0.53,-7.41
219,8.05,6.1,1.05,16.99
220,3.05,0.15,-1.52,41.33
221,3.71,-6.46,-9.89,37.15
222,3.27,-4.35,-10.51,20.82
223,-3.1,1.02,-2.34,0.42
224,-16.5,-7.38,-5.28,-27.97
225,-19.17,-14.02,-10.57,-36.62
226,-10.78,-7.11,-10.23,-20.63
227,-8.0,-0.27,-9.14,-4.36
228,-11.67,0.86,-4.9,0.84
229,-13.33,1.0,0.5,-3.31
230,-5.13,5.79,5.11,-7.65
231,0.59,9.5,3.32,-9.0
232,0.01,9.93,1.29,-0.56
233,2.32,10.16,7.06,2.81
234,0.01,7.29,6.05,-13.1
235,-0.88,11.11,0.85,-9.3
236,6.48,21.43,8.57,11.17
237,10.14,18.5,17.97,10.53
238,7.32,7.52,16.43,6.68
239,6.3,6.69,17.32,12.17
240,9.74,11.65,22.35,8.04
241,9.57,13.73,17.0,1.85
242,8.7,15.2,9.17,7.56
243,10.75,14.89,9.15,9.77
244,9.12,11.22,9.47,7.68
245,3.74,9.27,7.33,14.23
246,-4.62,1.85,-0.61,10.62
247,-5.17,-4.74,-7.17,-8.33
248,4.02,2.04,0.13,-10.0
249,6.22,3.64,8.35,3.76
250,3.1,-1.4,6.57,8.97
251,-2.38,-1.69,-2.94,6.34
252,-8.35,-6.31,-10.94,3.55
253,-7.85,-14.89,-8.66,1.04
254,-6.69,-15.41,-4.0,-3.57
255,-5.77,-10.92,-4.05,-7.65
256,-5.79,-11.88,-9.0,-10.41
257,-3.88,-10.15,-10.15,-4.7
258,4.2,0.14,-4.23,8.5
259,6.55,3.31,-3.37,15.28
260,3.94,-2.62,-5.56,11.16
261,1.94,-5.29,-6.37,2.84
262,-1.76,-3.14,-5.2,1.46
263,-7.15,-3.14,-3.68,-4.04
264,-10.3,-3.08,-5.04,-13.66
265,-3.5,2.46,-1.68,-4.11
266,5.24,2.73,0.96,11.45
267,8.76,0.34,0.44,11.71
268,8.08,3.72,3.35,1.19
269,3.85,3.82,4.59,-5.92
270,1.38,0.76,2.08,-7.27
271,-4.44,-1.69,-5.05,-12.16
272,-6.93,-2.23,-6.58,-4.99
273,-1.41,-3.15,1.61,9.27
274,-0.7,-5.06,4.47,6.76
275,-5.06,-4.53,0.32,3.24
276,-12.52,-8.9,-6.07,-2.37
277,-11.08,-8.83,-4.8,-10.74
278,0.07,2.05,2.71,-7.18
279,-0.33,2.77,0.48,-7.38
280,-6.06,-3.45,-3.01,-11.59
281,-2.94,-0.67,0.08,-6.86
282,0.53,0.48,-1.57,-1.41
283,-1.72,-5.2,-8.45,-6.99
284,-3.66,-3.55,-5.97,-10.48
285,-1.36,5.14,4.67,-2.3
286,0.58,5.48,4.33,-2.0
287,1.15,2.7,0.44,-6.85
288,2.39,5.86,2.82,-0.76
289,5.11,5.83,3.55,14.52
290,8.79,1.95,3.44,20.5
291,5.85,-1.52,-0.16,9.32
292,-1.25,-4.17,-4.29,2.51
293,-5.67,-5.27,-5.21,0.61
294,-5.49,-2.89,-4.33,-2.75
295,-1.55,2.7,-1.21,-5.26
296,-4.88,-0.47,-5.16,-14.01
297,-11.3,-8.67,-10.41,-10.51
298,-5.48,-3.3,-3.57,5.78
299,5.31,7.26,5.82,7.23
300,6.25,6.79,5.74,0.89
301,0.53,4.44,-2.42,0.1
302,2.09,8.2,-3.53,6.71
303,5.34,4.36,3.68,7.54
304,1.17,-4.63,7.36,-6.43
305,-0.06,-3.77,7.56,-14.79
306,0.84,-2.54,1.91,-6.2
307,-0.45,-3.53,-3.37,7.83
308,1.51,2.0,-0.35,8.97
309,4.73,5.98,4.69,1.72
310,5.68,5.01,7.88,3.21
311,2.46,4.83,4.91,7.37
312,-3.89,1.81,-2.69,6.27
313,-6.08,-3.25,-3.2,0.77
314,-4.29,-4.05,1.71,-4.83
315,-3.46,-3.8,3.28,-1.87
316,-1.09,-2.85,2.56,5.15
317,5.8,2.52,3.3,8.45
318,8.52,6.34,2.72,7.48
319,2.12,1.45,-2.22,-0.27
320,-1.01,-1.13,-3.45,-7.09
321,0.3,2.95,-0.52,-8.74
322,0.01,2.72,-1.32,-8.35
323,0.47,0.66,-3.27,-2.44
324,-2.33,-3.28,-4.9,-7.43
325,-7.75,-9.92,-6.81,-20.36
326,-7.14,-8.95,-4.33,-15.11
327,0.22,0.88,4.19,-0.37
328,4.7,6.06,8.22,5.02
329,-0.04,1.71,1.62,2.34
330,-2.43,-0.23,-2.58,8.5
331,5.16,3.08,2.41,15.94
332,12.99,5.5,8.71,5.83
333,12.64,4.5,7.61,-6.37
334,4.32,1.61,1.54,-1.32
335,-2.76,0.36,-1.27,12.94
336,-4.41,-2.35,-3.62,15.43
337,-5.08,-5.82,-4.26,6.18
338,-4.19,-3.08,0.44,-1.61
339,0.27,4.96,5.13,-1.78
340,4.32,9.51,5.04,-1.19
341,1.52,5.02,-0.31,-8.21
342,-4.39,-2.26,-4.35,-7.99
343,-5.26,-4.57,-3.33,2.67
344,-2.64,-3.76,-1.89,4.73
345,1.76,-0.45,0.07,0.32
346,5.81,4.3,4.64,1.15
347,7.56,5.42,7.76,4.88
348,7.85,3.06,4.58,1.79
349,2.95,-0.75,-0.98,-4.7
350,-3.09,-1.88,-1.27,-4.31
351,-5.42,-2.1,-3.01,-2.91
352,-3.91,-3.38,-5.98,2.08
353,1.87,0.2,-1.04,11.18
354,3.84,4.74,4.92,8.5
355,-2.1,1.36,4.1,-13.04
356,-11.91,-8.2,-5.01,-35.55
357,-16.29,-13.11,-11.3,-29.31
358,-10.87,-7.81,-6.5,-6.75
359,0.72,-0.2,-0.58,7.72
360,11.29,1.74,-1.02,13.22
361,8.55,1.11,-7.77,3.7
362,3.65,3.53,-8.41,1.14
363,6.35,6.28,-1.55,21.05
364,8.38,4.92,2.97,34.32
365,10.49,0.52,7.67,30.87
366,8.26,-2.12,5.34,14.91
367,4.08,1.07,0.58,-4.8
368,2.95,5.96,4.66,-12.43
369,-1.25,6.09,6.47,-13.36
370,-5.56,1.55,3.65,-13.25
371,-9.07,-5.53,-0.93,-11.73
372,-9.64,-7.75,-3.67,-12.88
373,-3.31,-2.28,-0.42,-10.34
374,-0.09,0.91,-0.82,-1.47
375,1.05,2.85,-1.42,3.02
376,2.45,4.68,1.76,-6.26
377,-2.52,-0.19,-0.83,-13.33
378,-7.63,-5.4,-3.73,-0.89
379,-7.23,-5.04,-2.93,6.46
380,-3.54,-1.65,-3.9,-2.58
381,-2.52,-1.13,-6.41,-8.38
382,-3.76,-3.52,-4.13,-7.07
383,1.12,-0.23,4.72,-0.18
384,11.06,7.02,11.58,9.16
385,13.98,7.62,8.83,9.63
386,2.72,-0.26,-0.47,6.39
387,-6.66,-4.18,-1.52,10.64
388,-4.96,-0.85,3.2,9.86
389,-4.72,-0.02,0.8,-0.16
390,-7.44,-1.48,-2.11,-6.06
391,-8.0,-2.74,-3.64,-10.15
392,-1.93,-1.24,-3.14,-6.23
393,7.9,3.86,1.81,8.28
394,9.47,4.07,2.49,11.74
395,5.21,0.59,0.65,5.92
396,3.18,-0.48,-0.33,3.41
397,4.16,-0.66,0.09,0.32
398,4.57,0.12,3.31,-0.96
399,-1.99,-2.0,-3.39,-2.25
