,ch1,ch2,ch3,ch4
0,-0.61,-0.74,-0.93,-6.46
1,-2.52,-1.75,-1.17,-10.45
2,-1.33,-1.48,0.51,-6.45
3,2.84,-0.4,5.74,2.63
4,4.27,1.62,7.39,2.89
5,2.24,2.53,2.88,-3.16
6,-0.55,2.15,-0.75,-4.77
7,-4.05,-0.01,-1.3,-4.38
8,-4.96,-1.77,-1.45,-1.29
9,-0.44,0.23,-0.91,6.27
10,5.33,2.27,0.76,10.31
11,4.12,-0.21,-2.29,6.56
12,-0.84,-1.48,-6.23,1.44
13,-1.16,1.95,-4.29,0.35
14,2.11,4.65,-0.24,4.34
15,7.36,7.42,4.2,8.53
16,6.61,6.77,5.17,4.41
17,0.71,1.79,5.24,-3.91
18,-2.89,-0.36,5.29,-9.14
19,-4.88,-0.94,2.0,-5.65
20,0.04,-1.83,0.8,4.8
21,3.31,-4.44,-1.97,9.1
22,2.97,-5.62,-2.41,13.47
23,7.77,-1.65,1.77,17.23
24,7.31,1.01,0.47,6.22
25,-0.65,-1.66,-2.71,-6.4
26,-5.65,-6.3,-5.08,-5.69
27,-4.97,-8.07,-6.86,0.62
28,-2.37,-5.14,-4.44,3.41
29,-0.6,-1.11,-2.25,3.43
30,1.98,0.37,-2.26,4.06
31,1.52,-1.39,-3.62,2.16
32,-2.04,-3.63,-4.59,-3.32
33,0.79,-2.58,-0.93,-2.0
34,6.48,-0.03,2.97,6.62
35,4.98,-0.54,2.88,8.61
36,-2.91,-4.23,-1.81,1.54
37,-6.58,-5.5,-5.18,-4.64
38,-4.0,-4.91,-3.83,-5.62
39,-1.9,-6.6,-1.28,-1.63
40,-1.09,-8.9,0.37,1.5
41,-2.0,-11.56,-3.45,-1.78
42,-1.09,-10.63,-6.4,-6.38
43,2.63,-3.41,-2.08,-8.53
44,2.68,2.91,1.48,-5.23
45,-1.69,4.11,0.52,0.83
46,-9.46,-0.57,-3.67,-1.88
47,-12.97,-6.65,-6.14,-5.63
48,-5.88,-5.44,-2.7,-0.44
49,2.36,2.37,2.16,5.0
50,5.25,8.83,4.97,4.29
51,3.31,9.32,4.61,-1.55
52,1.49,9.79,4.66,-4.08
53,4.57,12.15,6.65,0.62
54,6.53,11.1,8.89,3.04
55,5.27,9.37,11.56,-0.56
56,5.44,9.05,10.28,-2.67
57,5.75,7.66,6.54,-0.4
58,3.5,6.96,4.78,1.65
59,-3.72,5.81,1.5,-2.84
60,-8.66,2.45,-1.23,-7.87
61,-3.7,1.19,-0.56,-3.12
62,2.51,2.92,0.44,3.12
63,4.59,6.77,2.85,4.2
64,3.01,6.9,3.71,3.39
65,-1.4,2.51,-1.17,-1.37
66,-6.55,2.69,-6.09,-8.82
67,-6.41,9.33,-1.98,-7.63
68,1.72,16.9,5.97,1.08
69,7.06,16.55,6.6,7.3
70,1.96,1.71,0.62,8.64
71,-11.04,-17.17,-8.56,-0.8
72,-18.61,-20.94,-12.37,-14.45
73,-11.54,-8.45,-6.64,-16.72
74,-4.11,10.37,2.54,-11.82
75,-0.57,27.21,12.96,-3.61
76,2.37,26.57,15.64,2.85
77,-7.51,3.3,3.4,-2.55
78,-18.18,-16.96,-10.72,-6.82
79,-9.17,-9.76,-9.84,0.46
80,-1.12,9.59,0.56,6.91
81,-5.6,13.53,9.66,2.92
82,-3.88,8.38,18.56,-5.77
83,1.58,4.3,17.2,-10.62
84,7.27,0.24,4.43,-11.46
85,20.59,5.35,-0.43,-9.43
86,20.71,14.65,5.23,-12.23
87,-2.15,11.24,7.78,-17.23
88,-18.73,-4.38,-0.68,-23.17
89,-18.01,-10.48,-10.66,-35.09
90,-3.86,13.61,-4.39,-31.0
91,3.7,40.2,11.71,-36.59
92,-3.06,27.74,16.14,-92.55
93,1.34,16.16,15.72,-115.1
94,16.24,24.74,12.42,-10.18
95,9.67,-11.0,-11.63,152.98
96,-30.05,-63.68,-26.39,192.66
97,-44.33,-64.98,-11.35,42.99
98,-23.31,-59.93,-10.21,-71.41
99,-13.59,-47.44,-41.48,-0.49
100,4.34,6.23,-58.64,120.28
101,23.02,1.93,-26.69,192.22
102,18.09,-52.65,4.72,160.31
103,-0.04,-83.79,-13.32,39.27
104,-27.66,-105.99,-33.51,-41.13
105,-37.25,-74.37,-12.54,-60.67
106,-13.95,-20.11,-1.06,-59.19
107,27.17,5.75,-18.23,-20.66
108,65.63,88.76,3.92,8.51
109,74.72,141.91,51.25,-27.33
110,59.96,89.89,48.55,-75.72
111,51.31,60.84,5.23,-76.49
112,44.75,68.3,-25.42,15.91
113,21.69,99.01,-25.38,120.16
114,5.46,138.95,-6.62,71.05
115,4.88,140.26,3.14,-59.92
116,-15.0,56.82,-20.91,-113.76
117,-58.07,-35.5,-39.64,-46.81
118,-81.72,-8.55,-16.73,50.46
119,-51.94,55.52,19.54,64.23
120,-0.66,83.99,39.14,29.23
121,21.97,97.13,36.88,-11.68
122,11.17,68.82,44.47,-49.01
123,-16.7,7.55,67.54,-57.36
124,-34.83,-37.99,54.15,-43.34
125,-20.89,-73.36,4.38,-24.8
126,7.1,-95.34,-30.18,-3.46
127,17.77,-109.23,-33.96,8.66
128,10.08,-117.62,-10.96,-6.22
129,4.43,-95.46,26.01,-14.18
130,13.07,-86.12,42.31,-1.7
131,24.3,-100.87,25.52,-16.93
132,35.32,-96.84,-8.85,-33.68
133,39.24,-77.57,-22.11,-8.51
134,21.88,-80.04,-4.09,33.42
135,7.51,-88.45,4.73,62.47
136,12.99,-56.41,2.53,52.78
137,18.09,-29.19,4.63,19.63
138,13.83,-44.89,-4.7,1.74
139,11.69,-54.07,-19.79,0.35
140,8.01,-35.67,-17.13,-5.16
141,-5.54,-19.18,-3.31,-20.37
142,-12.74,-14.32,4.75,-18.18
143,-5.47,-9.39,5.46,0.24
144,-4.43,-10.34,4.34,2.03
145,-15.75,-17.37,-0.79,-2.32
146,-18.4,-9.55,-9.61,0.88
147,-4.47,8.84,-13.35,-1.74
148,2.78,17.01,-14.43,-4.91
149,-10.2,17.9,-18.46,1.04
150,-17.65,22.9,-15.89,8.1
151,-10.41,27.28,-12.73,6.79
152,-3.62,26.5,-14.44,1.66
153,0.89,23.86,-6.64,-2.7
154,1.76,23.47,3.6,-9.4
155,-0.75,30.6,13.12,-11.24
156,-5.02,37.77,19.4,-4.07
157,-4.11,39.49,13.1,3.3
158,1.97,35.28,0.27,2.43
159,5.43,30.79,-3.4,3.47
160,7.31,31.74,1.03,9.25
161,2.24,23.12,-5.34,-1.19
162,-0.58,15.11,-6.47,-13.04
163,4.03,19.4,4.18,-4.09
164,2.7,18.05,1.12,9.17
165,-3.87,10.07,-10.95,9.59
166,-9.32,3.39,-14.53,-2.6
167,-4.61,0.48,-9.09,-6.41
168,2.16,0.37,-3.6,-3.28
169,-3.21,0.76,-2.48,-11.49
170,-7.05,1.85,-3.07,-12.88
171,-6.64,-1.96,-7.58,-8.3
172,-14.18,-14.78,-16.31,-17.83
173,-20.94,-25.32,-24.31,-24.42
174,-14.0,-19.77,-24.43,-14.42
175,-0.94,-5.51,-15.13,-5.58
176,5.85,3.37,-6.79,-6.57
177,6.01,6.56,-2.07,-1.11
178,-0.14,3.84,-1.28,11.03
179,-8.08,-1.22,-3.44,6.23
180,-10.42,-1.22,-2.42,-6.33
181,-10.12,0.31,-2.4,-4.93
182,-7.55,1.31,0.99,2.69
183,-3.04,4.26,11.67,4.73
184,-1.5,8.69,17.1,1.38
185,0.68,11.15,16.14,2.22
186,5.84,11.11,15.73,3.48
187,10.71,12.32,15.96,3.98
188,6.16,10.68,11.42,9.46
189,-8.91,5.22,4.4,7.52
190,-7.62,7.41,7.64,2.91
191,7.81,13.4,14.89,4.67
192,9.82,11.55,13.63,8.13
193,2.65,4.9,5.13,11.16
194,-0.58,1.41,-1.15,8.64
195,10.7,11.14,10.93,15.41
196,20.56,20.28,24.69,25.9
197,8.22,11.82,17.59,16.64
198,-4.19,2.23,5.39,0.29
199,-1.63,2.29,2.8,-6.38
200,7.18,5.58,8.65,-1.26
201,8.76,5.84,9.41,3.28
202,3.52,3.8,4.06,-1.54
203,1.6,-0.01,0.98,-5.16
204,1.39,-5.18,-3.32,0.28
205,1.36,-5.32,-4.38,9.57
206,-5.53,-5.85,-4.54,10.7
207,-14.93,-11.53,-9.79,-2.7
208,-12.62,-11.56,-9.97,-16.13
209,-10.17,-8.69,-8.59,-17.99
210,-12.04,-8.32,-10.52,-7.06
211,-7.84,-5.71,-7.83,8.09
212,-3.32,-3.69,-5.69,10.08
213,0.46,0.32,-4.13,9.61
214,5.49,5.5,2.26,12.47
215,5.81,3.33,6.18,4.79
216,2.24,-1.41,3.63,-7.77
217,3.58,2.63,3.07,-8.61
218,8.31,7.89,3.25,4.91
219,6.55,5.58,-1.32,10.04
220,-1.21,2.46,-5.25,-3.66
221,-10.66,-3.82,-9.47,-17.05
222,-10.09,-6.01,-6.51,-13.79
223,5.23,9.86,9.62,2.87
224,13.76,23.44,20.28,8.93
225,6.29,16.14,17.16,-10.94
226,-5.27,4.86,10.39,-34.67
227,-11.46,1.66,7.8,-30.17
228,-5.87,2.26,8.96,-12.9
229,2.6,1.27,4.43,-1.85
230,4.28,-1.55,-4.9,13.77
231,4.63,-2.57,-9.97,22.17
232,9.98,-0.55,-7.21,24.41
233,14.7,2.41,-2.23,29.3
234,9.57,0.34,-4.47,21.85
235,0.67,-3.85,-5.06,9.34
236,-5.06,-5.56,-2.9,4.55
237,-6.81,-7.45,-5.71,-3.15
238,-3.9,-7.05,-5.11,-12.25
239,0.65,-3.65,-1.12,-11.85
240,-0.4,-2.88,-1.34,-8.9
241,-9.11,-6.51,-6.39,-10.98
242,-11.54,-7.74,-7.87,-14.7
243,-2.69,-3.89,-2.45,-13.57
244,4.35,0.01,0.76,-7.39
245,2.77,-0.37,-1.43,-1.96
246,-6.46,-5.77,-7.16,-6.74
247,-12.28,-7.02,-8.01,-12.93
248,-4.41,0.72,0.67,-1.11
249,4.68,6.29,7.17,10.06
250,-0.12,-0.23,2.52,0.59
251,-5.59,-4.55,-2.47,-5.51
252,-1.21,1.54,0.21,1.08
253,1.7,2.93,0.18,3.5
254,0.58,2.28,-0.45,4.95
255,-1.94,3.54,1.9,7.42
256,-3.19,3.16,3.01,3.98
257,-0.47,4.69,7.11,-1.77
258,-3.18,-1.86,2.98,-7.12
259,-8.51,-11.2,-8.98,-9.05
260,-3.24,-6.14,-8.81,-5.46
261,-0.91,-2.57,-7.73,-7.12
262,-2.59,-4.02,-6.5,-4.51
263,2.65,2.93,6.58,8.25
264,5.25,8.04,14.19,12.0
265,1.85,2.86,8.43,5.9
266,-2.97,-3.69,1.12,-2.29
267,0.0,-0.67,3.94,-0.7
268,11.86,9.32,13.37,15.38
269,19.82,13.6,15.56,26.96
270,17.42,9.75,10.69,21.84
271,6.57,5.36,4.99,9.6
272,-1.48,3.12,2.03,8.0
273,-1.17,0.77,1.2,13.25
274,4.0,2.94,2.77,12.98
275,11.13,11.18,6.72,13.3
276,12.07,13.56,6.3,10.38
277,10.32,11.84,8.88,3.79
278,12.07,14.66,15.48,0.4
279,12.55,15.81,13.44,-0.33
280,9.31,11.58,7.09,3.84
281,3.03,6.52,3.98,4.53
282,-0.58,4.48,3.27,-3.59
283,-3.91,2.34,-0.84,-12.38
284,-8.37,-1.51,-6.62,-12.7
285,-6.21,-2.37,-6.57,-8.07
286,-5.66,-2.72,-8.36,-11.41
287,-8.78,-5.56,-12.55,-16.15
288,-10.72,-10.57,-13.84,-12.72
289,-12.91,-14.83,-15.51,-9.41
290,-9.19,-9.15,-10.77,-8.13
291,-3.95,-0.21,-3.05,-7.11
292,-4.81,-2.74,-3.91,-8.97
293,-5.65,-9.1,-6.75,-10.86
294,-3.61,-9.71,-5.96,-11.18
295,-2.62,-8.44,-3.93,-7.66
296,-5.57,-8.64,-4.06,-3.15
297,-5.82,-6.66,-5.28,-0.5
298,0.68,0.47,-3.66,4.0
299,3.56,1.79,-2.23,7.06
300,-2.39,-7.04,-3.41,5.2
301,-12.05,-15.08,-7.64,-8.18
302,-13.38,-15.42,-9.09,-19.26
303,-5.94,-11.34,-6.46,-9.82
304,1.5,-6.75,-4.89,5.07
305,10.88,1.49,0.58,11.63
306,11.33,3.92,0.75,3.66
307,-0.55,-4.84,-8.3,-4.66
308,-6.57,-8.44,-8.86,0.61
309,-3.41,-2.41,-1.73,3.28
310,-1.48,0.99,0.05,-6.1
311,-4.78,-1.5,-3.54,-15.24
312,-4.37,0.44,-1.53,-7.39
313,1.06,5.8,4.41,6.74
314,2.41,5.08,4.75,11.19
315,3.27,4.71,5.22,12.61
316,5.21,5.87,5.67,11.2
317,6.86,4.76,4.54,8.91
318,10.51,6.72,7.07,12.74
319,13.07,9.32,9.33,11.12
320,14.27,9.89,11.33,-5.65
321,6.36,5.3,7.29,-18.69
322,-5.14,-2.98,-4.03,-1.25
323,-11.62,-6.64,-11.51,20.72
324,-14.89,-6.48,-11.96,16.62
325,-3.42,-4.44,-4.65,9.13
326,-0.35,-1.95,-1.16,2.65
327,-13.73,1.16,-3.51,-10.39
328,-7.89,-1.16,-3.88,-16.62
329,8.27,-9.19,-3.86,-4.7
330,13.29,-7.09,0.32,15.01
331,5.79,0.03,2.88,12.94
332,-6.57,-0.85,-0.06,-7.75
333,-9.71,-3.74,-1.84,-18.57
334,0.52,-2.2,0.57,-8.47
335,13.91,2.15,4.82,4.43
336,14.23,5.66,4.74,3.57
337,7.62,9.31,6.85,3.74
338,3.71,11.98,10.35,-4.63
339,2.72,9.39,4.82,-23.36
340,7.3,5.07,1.39,-11.54
341,9.56,0.41,3.62,15.71
342,2.5,-2.59,2.28,22.05
343,-3.45,-0.69,0.74,15.63
344,-4.8,5.67,4.19,11.02
345,-9.7,12.35,9.92,3.41
346,-6.43,2.71,6.9,-21.21
347,4.0,-11.42,-0.94,-31.68
348,-7.29,-8.51,-5.33,-9.29
349,-21.89,-0.12,-7.46,4.77
350,-11.51,1.34,-6.57,-9.06
351,-4.24,-8.23,-11.25,-14.4
352,-1.38,-13.95,-13.55,10.64
353,13.49,-4.26,-5.13,33.04
354,23.74,7.28,0.72,32.25
355,22.25,8.66,2.24,16.27
356,10.68,-1.83,1.22,5.41
357,-3.13,-10.65,-2.0,5.86
358,-11.83,-5.27,-1.42,3.58
359,-5.18,3.68,2.47,1.93
360,12.92,4.33,2.74,0.41
361,14.62,-1.63,-1.49,-11.92
362,5.17,-3.91,-1.3,-22.61
363,-4.7,1.23,3.32,-16.24
364,-14.16,2.43,1.05,-3.1
365,-12.66,0.77,-2.35,1.99
366,-2.45,3.43,3.42,-2.05
367,8.69,9.06,13.17,-2.73
368,11.13,13.39,14.88,0.27
369,-3.83,9.42,5.14,-5.7
370,-17.73,-0.87,-4.4,-8.22
371,-10.31,-4.66,-5.37,-0.09
372,1.43,-2.17,-2.17,-1.33
373,0.79,-7.12,-3.6,-12.6
374,0.89,-14.28,-6.08,-13.29
375,5.24,-8.32,-1.53,1.55
376,3.85,3.02,4.17,14.95
377,2.97,2.73,5.91,10.66
378,2.71,-4.05,2.11,-4.02
379,-7.28,-5.21,-5.66,-7.6
380,-11.07,-1.55,-5.1,1.14
381,-4.27,-2.14,-2.54,1.4
382,-5.74,-4.8,-5.89,-5.09
383,-9.28,-3.89,-7.3,0.69
384,-3.99,-4.35,-6.02,10.08
385,2.93,-2.53,-0.36,11.14
386,1.15,1.62,3.15,4.66
387,-0.42,3.39,2.13,-3.54
388,3.3,0.51,-0.62,-11.26
389,0.13,-6.48,-5.38,-17.53
390,-7.36,-7.45,-4.25,-9.54
391,-13.56,-6.14,-4.2,0.36
392,-15.52,-9.31,-7.73,0.56
393,-9.07,-7.18,-5.6,5.91
394,0.04,1.01,-2.44,13.92
395,3.11,6.16,0.71,13.99
396,0.68,3.4,2.27,6.98
397,3.6,-0.05,2.43,-1.03
398,4.48,0.79,4.09,-4.15
399,-2.43,0.26,3.36,-0.95
