,ch1,ch2,ch3,ch4
0,-2.92,-3.42,0.11,-6.34
1,-0.71,1.36,1.07,8.63
2,5.73,5.44,3.08,17.17
3,10.93,5.53,6.21,14.09
4,5.15,0.97,3.3,4.42
5,-0.66,-1.45,0.26,2.19
6,1.96,2.73,4.07,6.34
7,0.82,4.86,5.41,0.98
8,-3.64,0.63,2.56,-12.96
9,-7.04,-7.15,-2.64,-29.25
10,-7.16,-9.7,-1.81,-32.17
11,-7.07,-6.65,2.84,-19.36
12,-8.48,-5.37,-0.73,-7.5
13,-1.11,-0.53,-4.8,6.01
14,9.24,5.08,-6.45,19.63
15,11.84,5.12,-6.22,27.49
16,7.84,2.7,-2.32,27.85
17,3.91,1.01,-0.3,18.61
18,6.28,3.18,0.88,10.63
19,2.72,2.52,-1.47,4.07
20,-6.6,-2.5,-4.67,-2.68
21,-6.23,-5.94,-3.49,-9.9
22,-2.1,-6.35,-2.65,-19.46
23,-0.28,-0.88,0.12,-20.22
24,-0.05,2.63,-1.14,-8.72
25,1.07,1.35,-6.63,7.61
26,2.42,0.7,-5.17,11.64
27,-3.05,-2.05,0.77,0.13
28,-11.17,-5.75,3.92,-6.1
29,-13.53,-7.81,-1.84,-4.02
30,-2.37,-2.68,-3.75,-1.88
31,10.38,8.15,4.38,-1.77
32,5.1,8.89,4.85,-3.29
33,-5.86,0.2,1.61,-5.97
34,-8.17,-2.2,3.21,-11.56
35,-1.59,4.58,6.44,-10.81
36,4.47,6.86,6.96,-2.59
37,0.34,-0.81,0.83,2.86
38,-3.39,-2.3,-1.67,6.84
39,-1.47,4.04,3.1,5.38
40,4.29,6.38,7.82,2.44
41,7.89,3.01,4.18,3.94
42,0.4,-1.14,-7.09,-0.54
43,-2.28,0.84,-6.11,-0.94
44,2.64,2.58,2.42,5.7
45,1.27,-0.6,3.83,6.41
46,-5.12,-6.08,0.65,2.15
47,-9.85,-9.72,-5.36,-4.97
48,-1.93,-2.72,-4.81,-4.73
49,8.71,3.42,-4.84,2.34
50,9.0,-0.05,-8.69,5.08
51,6.04,-1.13,-0.72,2.61
52,5.96,4.75,13.12,2.52
53,10.81,12.97,18.67,12.52
54,8.09,11.09,5.5,14.27
55,2.61,4.86,-6.79,5.64
56,4.97,5.27,3.18,5.24
57,3.7,3.85,11.85,6.83
58,-1.27,1.67,5.76,3.28
59,-7.66,-1.21,-7.11,-5.32
60,-8.24,-4.98,-14.8,-8.02
61,-1.66,-5.74,-9.69,-3.93
62,3.13,-2.08,4.04,-2.34
63,9.81,9.86,19.8,5.0
64,9.29,16.12,20.43,7.42
65,-2.74,8.38,6.96,-1.03
66,-8.4,3.27,1.63,-5.23
67,-1.52,6.41,5.41,-2.43
68,3.6,6.85,5.01,4.17
69,-0.92,3.05,-0.51,5.28
70,2.84,8.9,5.78,1.39
71,11.82,20.79,20.59,-1.98
72,7.37,21.26,20.94,-7.61
73,1.22,15.31,12.89,-7.23
74,-0.74,9.09,4.76,-0.22
75,0.63,2.48,-3.48,3.66
76,3.81,0.88,-7.77,4.14
77,-4.37,-0.83,-11.5,2.17
78,-12.13,-3.88,-10.35,-0.83
79,-10.48,-6.46,-8.06,-7.72
80,-9.58,-11.05,-10.02,-14.94
81,-7.01,-10.32,-9.15,-12.8
82,-5.51,-3.94,-6.54,-7.32
83,-6.88,-2.76,-6.6,-4.27
84,-8.35,-10.12,-12.81,-4.03
85,-6.54,-11.86,-13.65,-4.09
86,-0.37,-5.15,-5.05,-1.96
87,-3.07,-7.63,-6.86,-2.23
88,-13.02,-19.62,-15.73,-4.67
89,-20.85,-32.95,-19.48,-9.5
90,-18.09,-33.48,-17.11,-10.66
91,0.63,-13.51,-6.75,-0.34
92,15.47,4.09,3.52,9.01
93,11.58,7.13,5.73,8.48
94,-3.8,1.37,1.3,-0.82
95,-10.1,-5.2,-1.75,-5.74
96,0.02,-3.51,-1.23,-0.97
97,9.68,3.68,2.08,-3.98
98,7.79,6.06,6.27,-4.09
99,-0.3,-0.75,-0.05,3.35
100,0.22,-1.81,-3.6,-1.6
101,8.59,11.2,6.96,-14.21
102,13.66,25.42,13.07,-27.08
103,13.04,38.71,14.9,-30.45
104,2.85,32.72,8.45,-42.16
105,-3.18,-4.53,-6.5,-64.13
106,2.33,-27.36,-5.68,-49.99
107,-6.83,-2.73,2.73,-36.27
108,-23.16,12.65,2.97,-9.02
109,-34.74,-15.33,-6.62,93.03
110,-33.6,-16.46,-14.99,137.26
111,-22.15,0.44,-7.94,69.1
112,-24.03,-25.77,1.1,31.97
113,-10.79,-71.87,-1.78,38.9
114,4.77,-47.47,-2.66,47.7
115,-2.07,47.37,3.63,53.5
116,-1.02,33.58,-22.32,42.68
117,5.55,-89.33,-78.23,54.79
118,9.4,-153.22,-109.14,58.22
119,7.81,-102.95,-81.63,-4.92
120,1.12,-3.26,-6.05,-58.25
121,2.87,40.11,36.12,-68.06
122,16.82,48.24,21.51,-61.32
123,41.83,77.51,18.11,-3.95
124,57.42,90.72,24.85,39.66
125,33.37,69.79,22.06,2.69
126,-12.2,72.03,12.19,-49.52
127,-27.86,96.01,-15.42,-49.95
128,0.71,80.69,-33.87,-10.45
129,20.36,59.22,-0.5,-10.75
130,-3.09,34.13,52.91,-59.98
131,-15.33,-11.17,59.55,-62.8
132,-3.01,-9.05,20.24,7.3
133,-0.56,13.69,-28.03,60.26
134,-13.82,50.98,0.55,40.75
135,-16.36,100.4,87.53,-8.39
136,3.81,72.38,96.42,-28.96
137,1.68,0.01,54.6,-16.51
138,-9.85,-42.67,35.6,-16.84
139,-4.32,-44.97,25.4,-47.55
140,-1.02,-41.01,1.73,-21.95
141,1.56,-73.2,-28.77,48.43
142,4.62,-82.23,-31.58,34.39
143,14.19,-35.25,-8.37,-21.07
144,24.09,-34.68,1.99,-3.4
145,16.66,-97.57,-8.32,57.45
146,1.24,-120.74,-23.24,65.94
147,-7.05,-104.02,-28.56,13.67
148,3.8,-95.5,-14.78,-22.68
149,21.96,-61.43,-0.91,-4.92
150,18.5,-20.22,-5.37,14.98
151,-0.67,-15.85,-17.32,-6.73
152,-8.63,-24.68,-22.59,-40.48
153,-1.99,-20.46,-8.88,-43.98
154,7.38,2.73,8.4,-20.13
155,13.38,10.98,7.31,13.84
156,13.72,-11.47,2.87,42.99
157,16.83,-8.96,5.45,42.23
158,20.45,16.77,4.41,24.02
159,8.58,20.61,-2.23,8.79
160,-0.28,24.42,-1.39,-4.16
161,-0.93,34.02,4.84,-7.72
162,-8.55,21.44,10.2,-1.29
163,-6.45,6.78,11.21,-0.17
164,-2.09,9.73,0.95,-7.61
165,-5.85,23.55,-4.56,-10.86
166,-5.59,29.87,0.6,-14.88
167,-3.65,16.52,2.82,-14.71
168,-2.67,14.52,-0.98,-10.19
169,-7.27,23.49,-12.19,-27.09
170,-8.68,21.96,-16.67,-34.93
171,-5.97,18.91,-6.34,-7.57
172,-13.19,13.76,5.31,5.67
173,-13.82,7.2,12.4,-5.9
174,-3.67,9.89,9.76,-10.2
175,0.81,17.53,-2.13,-8.22
176,-3.95,9.88,-14.0,-10.97
177,-10.26,-6.77,-18.33,-11.62
178,-6.41,-3.87,-12.58,1.89
179,-4.07,-0.91,-9.06,9.27
180,-5.08,-11.64,-4.82,2.0
181,3.46,-5.07,6.15,2.3
182,12.21,9.38,9.97,2.88
183,13.33,5.0,8.35,2.04
184,6.6,-3.38,3.66,8.84
185,2.21,2.05,1.32,18.06
186,4.56,4.42,4.54,18.37
187,8.04,-0.74,5.84,11.16
188,10.14,3.74,7.75,11.97
189,4.83,4.55,6.74,10.45
190,1.15,-4.13,3.97,4.82
191,3.29,-4.87,3.83,6.21
192,4.13,0.27,5.32,6.36
193,4.26,0.17,7.83,3.13
194,3.19,-2.5,5.26,3.6
195,9.9,4.28,3.86,13.32
196,17.67,10.62,6.02,17.22
197,8.78,4.54,2.45,2.16
198,-0.13,5.32,-0.39,-8.03
199,1.37,10.06,-1.69,5.48
200,6.42,6.56,-1.25,23.76
201,6.44,6.64,1.69,16.89
202,-4.35,6.02,-2.73,-4.74
203,-10.3,3.58,-6.11,-6.33
204,-7.55,4.06,-5.46,1.88
205,-3.8,4.25,-4.61,-0.09
206,-2.21,8.37,0.53,-3.88
207,-2.55,15.1,3.72,-6.73
208,-1.72,16.96,3.18,-1.04
209,-5.64,10.13,0.22,8.83
210,-6.31,5.98,-0.52,6.22
211,-2.32,9.42,-0.4,-4.5
212,-4.63,9.17,-2.87,-9.39
213,-5.38,8.8,-0.59,-5.37
214,-3.91,9.17,-0.95,-9.04
215,-2.37,6.83,-2.71,-8.4
216,-0.36,4.32,-0.11,5.28
217,-0.99,2.6,-0.17,3.13
218,-1.1,5.87,0.72,-6.55
219,-5.82,7.03,0.36,-6.77
220,-11.73,1.66,-3.76,-6.7
221,-9.96,-2.5,-4.69,-13.45
222,-5.76,-5.02,-1.98,-18.02
223,-3.39,-7.52,0.15,-4.32
224,-6.05,-10.46,-4.32,11.27
225,-6.04,-9.59,-4.82,11.56
226,0.33,-3.18,4.36,4.88
227,1.04,-0.92,6.57,-1.87
228,-1.28,-4.67,1.05,-4.81
229,0.56,-7.41,-1.34,-2.55
230,3.05,-6.53,1.74,-3.64
231,-2.7,-8.53,1.56,-14.54
232,-10.26,-14.13,-3.87,-14.31
233,-3.16,-10.93,-2.49,4.02
234,4.01,-4.46,-0.04,10.62
235,1.72,-4.19,-2.16,1.31
236,2.03,-3.67,-1.34,-2.4
237,4.22,-0.63,1.96,4.0
238,3.25,1.95,1.71,7.66
239,-2.91,0.37,-6.25,2.37
240,-5.69,-1.48,-8.39,1.95
241,-2.54,-0.88,-0.78,3.89
242,-0.08,-3.3,3.35,-2.14
243,0.87,-6.51,2.18,-5.98
244,-2.59,-6.23,-2.9,-5.81
245,0.53,0.46,-2.45,-1.53
246,8.72,7.05,3.23,4.54
247,2.24,-0.33,-1.91,2.12
248,-10.5,-12.66,-11.7,-6.77
249,-14.18,-11.27,-10.98,-10.26
250,-4.49,5.54,-3.69,0.29
251,7.22,21.28,-0.76,11.34
252,5.36,14.4,1.21,11.71
253,1.75,-4.41,9.66,9.1
254,0.98,-10.6,13.06,2.15
255,-3.06,-6.57,6.55,-5.03
256,-4.94,-2.14,0.57,-6.91
257,-0.81,-0.31,0.07,-7.02
258,7.02,1.97,3.54,-1.8
259,7.51,5.64,0.13,3.8
260,6.49,7.35,-8.07,6.31
261,10.31,5.94,-5.81,6.42
262,7.72,6.44,9.6,1.16
263,-0.49,5.59,22.87,-0.82
264,-7.82,-5.06,17.11,1.62
265,-7.43,-9.95,2.74,-0.91
266,-2.5,-4.16,-4.72,-5.36
267,-0.06,-2.18,-5.03,-4.63
268,1.49,-4.04,-4.47,-2.16
269,-2.46,-3.73,-10.74,-5.15
270,-6.68,1.04,-12.08,-4.79
271,-5.18,4.4,-5.26,-0.13
272,-0.87,1.63,-5.25,-6.51
273,4.66,1.92,-8.79,-14.56
274,3.83,6.72,-6.65,-13.33
275,2.44,9.96,3.68,-5.6
276,2.97,6.47,9.37,3.94
277,0.53,-2.65,6.15,10.75
278,4.6,-0.92,8.36,18.73
279,5.04,6.34,5.78,18.49
280,-3.74,3.8,-4.31,7.72
281,-5.96,-3.79,-6.43,-2.29
282,-3.15,-6.8,-2.46,-7.47
283,-3.11,-2.89,0.87,-4.97
284,-6.91,-4.11,-1.52,-3.12
285,-4.02,-7.62,-4.41,-2.17
286,4.69,-4.37,-4.44,0.18
287,6.32,1.47,-2.97,0.02
288,4.02,4.32,0.84,-4.98
289,0.06,-1.7,-0.38,-10.36
290,-0.89,-4.6,2.52,4.06
291,1.09,-0.94,10.83,22.06
292,-2.82,-2.05,8.43,15.02
293,-10.78,-5.07,0.07,-11.26
294,-17.47,-7.45,-6.42,-36.84
295,-11.75,-3.38,-4.03,-29.13
296,1.2,5.26,4.06,-1.2
297,7.57,6.33,4.56,11.46
298,12.98,3.3,0.46,19.98
299,12.24,-1.27,-6.5,23.19
300,5.83,-3.41,-8.96,14.24
301,3.58,-0.63,-5.13,7.63
302,4.07,-1.08,-4.47,6.43
303,4.16,-3.08,-4.12,0.86
304,-3.51,-7.23,-8.1,-14.44
305,-7.87,-6.15,-5.51,-17.64
306,-1.83,5.6,6.0,-3.21
307,0.48,12.73,6.6,5.43
308,-0.45,14.02,4.17,7.86
309,-1.92,10.25,0.33,4.98
310,-2.3,4.06,-4.19,-2.95
311,-1.68,1.86,-0.55,-4.63
312,-1.35,-0.11,7.13,-2.24
313,4.03,1.98,16.18,-4.99
314,4.32,2.42,16.03,-9.39
315,-0.28,-3.39,6.8,-5.25
316,2.2,-3.06,1.66,1.78
317,6.0,2.88,2.93,5.28
318,3.18,3.64,2.21,2.12
319,-3.53,0.71,-4.49,-10.13
320,-2.24,1.28,-6.12,-11.78
321,1.08,-0.38,-3.47,-2.78
322,-2.5,-5.98,-3.77,-1.39
323,-1.53,-5.48,-2.15,4.66
324,1.61,-2.25,-2.26,13.5
325,-0.93,-3.99,-5.75,6.65
326,-4.62,-5.77,-6.03,-4.11
327,-3.89,-3.73,-3.16,-0.8
328,0.54,-2.47,-1.09,4.21
329,-1.66,-3.19,-4.97,-5.95
330,-1.6,3.37,-1.47,-6.93
331,3.67,10.82,7.39,4.8
332,1.25,6.64,3.45,2.6
333,1.39,0.16,0.29,-3.74
334,0.13,-5.97,-0.59,-2.37
335,-7.01,-10.43,-5.01,3.16
336,-8.05,-7.7,-5.7,4.55
337,-3.78,-1.9,-4.55,0.91
338,2.09,2.73,-2.93,1.06
339,3.47,0.25,-4.06,0.28
340,3.9,-3.93,-3.21,1.12
341,4.96,-3.36,1.0,6.91
342,0.57,-3.64,-0.59,9.12
343,-2.19,-3.85,-3.71,7.51
344,0.47,-1.26,-1.36,7.37
345,7.98,4.33,6.16,15.93
346,10.71,7.0,7.49,20.48
347,5.35,4.04,0.8,5.03
348,5.71,5.5,1.81,-7.55
349,8.05,10.89,8.15,-1.25
350,6.74,10.44,9.49,1.67
351,1.26,3.33,4.63,-10.29
352,-6.02,-2.26,-0.65,-16.3
353,-7.52,-1.93,-0.72,-7.25
354,-6.53,-0.85,-1.85,4.64
355,-2.64,1.13,-1.21,13.79
356,0.18,1.97,2.42,13.6
357,-2.64,-0.43,1.08,1.57
358,-2.87,-0.86,-1.83,-14.4
359,-0.82,-2.07,-5.12,-22.28
360,-0.33,-2.89,-5.13,-14.61
361,-3.16,-3.33,-1.47,-5.66
362,-6.68,-6.24,0.25,-4.62
363,-2.73,-3.35,4.02,-3.16
364,2.17,0.55,5.03,0.86
365,2.2,-1.42,1.08,3.91
366,-0.13,-2.61,-0.93,-3.77
367,-2.92,-2.3,-0.89,-13.32
368,-3.86,-1.95,-0.47,-5.54
369,-7.19,-3.28,-3.69,3.65
370,-6.8,-5.78,-5.52,4.11
371,-2.65,-6.91,-5.26,0.11
372,-0.75,-3.79,-5.57,-4.93
373,0.97,0.21,-2.67,-2.92
374,-0.49,-1.38,-3.01,-0.77
375,3.48,0.18,-2.01,4.64
376,8.12,5.54,1.87,10.98
377,5.28,7.05,3.17,6.26
378,6.06,6.28,6.81,0.32
379,2.39,2.29,8.04,-1.31
380,-2.67,1.96,8.6,1.97
381,-0.33,3.92,7.64,3.58
382,1.19,0.01,0.62,0.02
383,3.52,0.18,-3.25,-3.41
384,3.43,4.35,-3.83,-8.22
385,3.25,5.91,-0.72,-2.71
386,3.15,2.9,1.22,8.51
387,0.01,-1.56,-1.96,6.21
388,-1.13,-2.17,-1.87,-0.83
389,-4.97,-4.61,-3.59,-0.99
390,-5.75,-6.6,-5.77,4.57
391,-3.96,-5.44,-3.59,3.03
392,-5.17,-4.99,-2.52,-5.19
393,-1.6,-3.01,-1.18,-4.78
394,2.25,-0.42,0.58,-4.57
395,7.3,3.74,5.28,-6.56
396,9.93,4.8,7.11,-4.04
397,2.2,-0.56,0.39,1.79
398,-2.6,-1.67,-1.61,13.44
399,-3.1,0.03,-0.49,15.8
