,ch1,ch2,ch3,ch4
0,-7.72,-2.8,-2.0,-0.47
1,-5.94,-2.05,0.17,2.56
2,0.67,1.21,5.86,3.54
3,-0.65,0.91,8.27,-5.83
4,-15.66,-4.8,-0.46,-15.54
5,-19.05,-2.93,-2.87,-8.04
6,-13.44,-1.58,-0.97,-1.5
7,-11.11,-7.66,-1.43,-2.04
8,-5.51,-7.06,2.87,-0.29
9,1.19,0.25,5.84,4.37
10,3.68,1.46,2.29,8.32
11,1.12,-2.59,-3.65,1.83
12,-1.89,-3.71,-4.35,-8.22
13,-7.12,-7.01,-6.31,-11.51
14,-9.39,-9.74,-10.26,-9.22
15,-0.67,-1.77,-5.06,-3.3
16,4.3,4.84,-2.72,-1.08
17,2.53,1.28,-4.72,-0.38
18,-0.31,-6.21,-2.39,1.33
19,-2.36,-8.36,-0.66,4.29
20,3.97,-1.12,1.92,12.53
21,7.26,-1.17,0.66,11.85
22,6.54,-2.31,-0.62,5.62
23,12.41,13.31,6.05,4.74
24,19.81,26.73,13.59,5.38
25,24.66,26.15,17.92,13.14
26,19.48,17.42,11.49,15.78
27,9.82,6.53,1.96,7.69
28,2.26,-2.74,-1.15,2.23
29,-6.66,-10.59,-4.25,-0.63
30,-11.75,-10.68,-4.38,-1.92
31,-7.93,-3.04,-3.4,-3.92
32,2.72,2.56,-3.89,-4.62
33,5.88,3.83,-2.07,-1.63
34,2.2,4.5,1.84,5.05
35,-1.2,0.75,1.98,6.53
36,-6.88,-7.86,-4.71,-4.79
37,-2.2,-5.96,-5.24,-2.66
38,4.8,3.51,-0.05,9.81
39,4.39,6.87,3.52,7.61
40,8.51,7.8,8.73,-2.78
41,9.55,7.16,9.63,-12.81
42,6.61,4.55,8.9,-7.9
43,0.41,-1.84,3.43,5.18
44,-5.39,-7.51,-7.55,8.05
45,2.25,-2.33,-4.98,10.28
46,6.54,2.92,3.2,13.47
47,0.98,0.63,5.67,14.86
48,-8.32,-2.89,5.87,-0.37
49,-16.36,-4.61,3.77,-28.78
50,-9.17,-1.34,3.93,-35.01
51,2.26,3.74,4.2,-22.09
52,2.56,0.01,-3.1,-9.41
53,-2.22,-10.05,-14.14,-1.73
54,-6.12,-13.29,-16.16,5.48
55,-9.04,-5.44,-8.72,8.98
56,-6.49,3.01,-4.4,7.2
57,10.58,7.21,0.91,19.0
58,34.25,11.93,8.16,33.31
59,41.08,17.87,9.18,23.61
60,23.38,21.87,10.43,2.79
61,-11.43,6.7,3.43,-13.18
62,-41.05,-16.21,-6.49,-24.51
63,-30.8,-9.01,1.4,-24.67
64,7.76,13.87,9.08,-8.17
65,21.82,22.07,7.25,8.12
66,11.17,11.54,4.73,6.54
67,0.63,-5.6,-0.61,-8.18
68,-7.92,-2.63,2.45,-23.89
69,-9.63,9.94,11.08,-21.09
70,-4.66,7.29,6.47,-8.22
71,-2.8,6.26,-7.92,-6.43
72,-8.89,16.88,-13.68,-4.54
73,-18.16,12.24,-6.84,-15.12
74,-17.28,-4.32,1.77,-47.87
75,5.17,-0.11,9.57,-91.94
76,12.02,7.36,10.59,-82.32
77,-1.93,8.91,6.63,-15.39
78,-12.72,7.54,0.17,6.02
79,-25.25,0.32,-0.61,-19.61
80,-20.08,6.88,10.86,-74.2
81,-34.85,-17.15,-0.72,-39.42
82,-75.38,-67.96,-28.6,123.86
83,-76.85,-56.81,-30.93,176.16
84,-27.04,3.71,-13.93,80.23
85,10.11,15.35,-13.84,41.51
86,-9.74,-45.15,-30.69,107.0
87,-13.54,-83.45,-21.19,136.28
88,16.26,-76.56,-3.64,73.3
89,30.19,-46.52,-16.17,13.51
90,25.46,-18.0,-38.65,10.18
91,12.43,-37.87,-53.36,5.27
92,21.77,-30.76,-46.39,-28.35
93,36.03,-15.91,-25.33,-42.54
94,31.79,-45.41,-11.23,-27.04
95,64.12,-23.81,5.29,-22.05
96,101.72,32.57,14.75,-44.07
97,60.17,25.09,7.82,-81.41
98,5.03,7.75,12.83,-73.39
99,20.75,87.53,32.57,28.08
100,38.67,172.14,20.12,116.99
101,-5.37,161.52,-13.27,81.5
102,-47.53,117.72,-9.96,-25.04
103,-34.74,105.61,29.99,-88.2
104,-9.56,113.36,55.37,-79.25
105,-11.87,90.19,29.97,-42.49
106,-36.3,26.9,-0.43,10.3
107,-45.02,7.39,-5.74,59.79
108,-31.45,90.81,-2.28,39.78
109,-26.67,131.47,20.08,-32.36
110,-22.97,59.39,43.65,-55.54
111,-12.61,6.21,44.42,-31.7
112,-11.41,-31.76,17.51,-28.43
113,-19.63,-72.6,-27.72,-30.78
114,-12.26,-50.23,-35.16,-16.49
115,14.6,-11.83,11.78,-24.09
116,34.28,-15.32,47.18,-39.9
117,26.51,-59.14,33.33,-5.64
118,6.53,-121.53,1.88,35.39
119,1.23,-146.64,-14.73,31.61
120,4.52,-119.29,-20.79,21.53
121,16.28,-81.08,-25.45,32.13
122,30.22,-72.14,-22.43,28.0
123,24.56,-67.67,-5.99,-0.31
124,17.01,-59.52,21.16,-4.38
125,17.41,-81.07,39.11,7.74
126,15.7,-83.18,29.67,7.23
127,18.56,-47.38,12.47,14.87
128,21.68,-34.95,6.37,14.01
129,14.24,-56.8,1.23,-3.33
130,1.09,-58.04,-3.17,-2.16
131,-4.12,-33.37,0.92,8.85
132,4.79,-18.22,4.04,20.47
133,10.15,-6.8,-1.08,22.11
134,2.13,6.58,-1.69,5.47
135,-1.22,12.31,2.8,-5.67
136,-1.02,11.48,-0.76,-9.9
137,-4.2,8.31,-4.63,-1.15
138,-4.0,4.66,-1.42,13.97
139,-0.35,10.07,0.06,7.03
140,5.7,25.31,-5.87,-5.48
141,7.39,39.07,-22.25,-4.86
142,-1.86,40.68,-24.02,-6.64
143,-17.1,30.57,1.92,-18.75
144,-18.95,28.85,18.36,-20.14
145,-5.36,42.64,4.56,-5.4
146,2.56,49.42,-11.34,-1.51
147,3.78,39.99,2.66,-3.92
148,3.49,23.12,18.41,6.05
149,0.2,3.19,8.17,8.63
150,-6.72,-7.27,-6.6,-0.72
151,-15.32,-0.13,-6.64,-1.72
152,-12.09,11.37,-0.95,1.94
153,0.34,16.09,-3.93,-3.98
154,-0.08,13.01,-7.13,-10.86
155,-5.57,7.86,-5.0,-4.15
156,-1.57,5.65,-5.28,-1.98
157,1.5,1.98,-9.57,-7.71
158,2.18,-0.55,-8.73,0.78
159,7.54,4.18,-1.88,9.25
160,8.85,5.51,-0.87,-1.54
161,-0.74,-1.75,-3.31,-8.73
162,-7.37,-2.89,-0.63,-2.12
163,-3.66,1.2,0.25,-1.04
164,3.78,1.75,1.16,-1.1
165,5.94,3.47,4.58,3.22
166,-0.54,5.56,-0.71,2.9
167,-1.54,7.93,-1.11,6.31
168,-4.12,4.63,4.12,8.46
169,-18.63,-7.48,-3.23,-2.01
170,-17.42,-7.28,-5.09,-4.84
171,0.99,5.58,4.72,0.9
172,11.83,11.85,7.9,1.67
173,5.77,4.79,-1.32,-2.15
174,-6.53,-5.64,-8.65,-0.44
175,-6.05,-2.31,-0.94,5.74
176,0.66,6.98,5.7,-0.71
177,1.2,7.47,2.75,-6.98
178,-1.84,3.41,0.61,3.99
179,-3.26,2.24,0.66,14.41
180,0.79,6.41,3.14,1.33
181,2.98,7.99,3.52,-19.36
182,1.11,6.22,1.44,-15.19
183,4.2,8.72,3.36,4.1
184,2.09,3.65,-0.17,8.91
185,-7.66,-5.68,-6.51,0.91
186,-11.29,-3.09,-6.17,-6.59
187,-7.78,0.82,-5.25,-1.8
188,-4.28,0.38,-3.65,13.11
189,2.73,8.43,5.29,14.28
190,14.36,18.46,11.93,1.12
191,14.36,16.44,5.97,-3.14
192,3.35,7.28,-2.17,6.79
193,-7.09,-2.43,-6.1,5.14
194,-10.91,-6.83,-5.29,-9.36
195,-3.51,-0.41,1.37,1.39
196,2.9,8.09,5.73,20.11
197,0.35,7.91,5.4,9.09
198,-4.26,2.58,5.49,-16.24
199,-7.42,-2.23,5.75,-29.85
200,-7.91,-5.2,3.26,-22.79
201,-10.41,-6.83,-4.42,-12.16
202,-8.17,-4.45,-7.78,-0.88
203,7.91,1.84,-1.35,17.69
204,21.42,3.51,5.9,27.6
205,16.87,-2.6,5.08,27.53
206,0.68,-10.44,-4.33,22.63
207,-8.91,-10.62,-9.44,6.72
208,-1.29,1.75,-6.55,-4.79
209,10.04,12.78,-1.89,-6.91
210,4.79,5.33,-1.8,-23.1
211,-13.59,-9.51,-9.17,-35.63
212,-20.15,-11.76,-10.51,-16.18
213,-10.3,-6.97,-5.53,6.85
214,-4.41,-8.27,-5.92,3.9
215,-1.35,-5.28,-1.66,-0.22
216,2.15,1.56,4.19,7.22
217,-1.29,-1.82,-0.22,0.6
218,-7.7,-7.6,-5.55,-17.24
219,-12.8,-8.11,-6.52,-21.5
220,-11.15,-4.68,-6.08,-8.5
221,-3.36,0.02,-5.7,1.48
222,3.2,3.65,-1.15,-2.26
223,3.96,3.34,4.59,-3.65
224,-1.16,-3.96,-1.68,4.87
225,-1.26,-5.72,-8.52,12.02
226,10.18,7.41,4.69,12.66
227,15.21,14.72,19.62,4.85
228,-0.51,3.27,12.72,-7.17
229,-15.39,-6.1,-0.04,-3.27
230,-9.65,-2.25,1.88,8.41
231,4.52,3.65,11.12,6.82
232,11.89,6.58,15.16,3.19
233,12.7,9.24,14.26,4.74
234,15.31,13.6,13.65,7.54
235,14.71,13.57,13.25,11.84
236,4.34,6.73,9.34,6.01
237,4.45,7.88,9.45,-2.5
238,16.46,16.94,15.1,7.53
239,16.18,16.19,16.3,21.55
240,9.13,6.33,14.28,24.74
241,10.61,2.16,13.3,20.47
242,20.19,8.7,14.61,15.8
243,19.78,11.77,10.0,19.17
244,4.08,7.43,-1.01,14.49
245,5.79,13.34,1.04,1.16
246,18.87,19.28,6.39,0.75
247,2.86,4.33,-8.8,0.82
248,-17.92,-9.95,-22.09,-8.15
249,-8.6,-3.43,-13.17,-12.78
250,10.26,9.6,0.43,-6.46
251,23.34,12.93,4.23,-3.72
252,20.01,1.41,-5.23,-7.37
253,2.34,-10.36,-17.35,-3.1
254,-5.07,-7.41,-17.76,-0.32
255,-7.18,-3.92,-16.83,-10.72
256,-15.91,-10.19,-25.36,-24.17
257,-18.54,-12.26,-28.33,-19.94
258,-12.35,-7.44,-18.97,-7.11
259,-9.64,-7.22,-7.57,-11.07
260,-13.61,-11.49,-4.18,-22.8
261,-20.0,-13.83,-10.53,-22.81
262,-18.33,-10.21,-11.58,-6.66
263,-5.71,-2.09,-2.06,5.52
264,3.65,-0.81,4.37,-0.85
265,1.31,-6.69,3.04,-4.77
266,-11.87,-9.26,-3.09,-0.76
267,-18.87,-7.13,-3.44,-0.4
268,-8.39,-5.08,3.51,-2.15
269,-6.14,-8.21,2.59,-4.82
270,-16.96,-11.44,-1.66,-6.6
271,-23.51,-10.87,-1.48,-3.49
272,-27.54,-14.7,-3.27,-3.42
273,-24.16,-16.1,-3.84,-9.73
274,-10.51,-5.24,0.8,-13.07
275,-6.1,0.81,0.81,-8.97
276,-8.13,-1.14,-0.6,0.78
277,-0.14,0.63,3.44,7.38
278,1.28,1.03,1.65,6.57
279,-3.36,0.05,-3.8,3.26
280,1.71,1.61,-3.25,5.9
281,-0.82,-0.42,-4.3,7.81
282,-6.73,-3.17,-5.16,-0.35
283,6.07,3.79,2.38,-6.09
284,23.23,14.69,10.95,-1.57
285,24.9,16.28,13.23,9.07
286,12.75,5.09,6.37,11.28
287,-2.04,-6.25,-2.19,-3.51
288,-8.76,-6.33,-4.17,-11.47
289,-0.86,2.88,-2.54,5.13
290,16.29,13.29,3.46,25.53
291,25.19,11.96,9.87,23.27
292,14.26,-2.14,5.16,-3.9
293,-1.71,-10.62,-3.56,-21.64
294,-3.27,-5.41,-1.95,-10.86
295,0.84,-1.55,2.2,-2.58
296,5.02,-0.97,4.66,2.88
297,13.3,4.88,10.79,20.8
298,7.6,3.68,7.74,17.4
299,-8.98,-6.87,-4.92,-5.57
300,-7.96,-6.11,-5.54,-5.02
301,2.49,4.81,2.94,7.26
302,5.19,8.63,6.26,6.38
303,1.01,4.33,0.77,-0.76
304,-1.01,3.05,-4.04,-2.03
305,1.68,1.46,1.09,1.34
306,-1.19,-8.52,5.49,-5.08
307,-5.14,-11.77,4.81,-12.69
308,-7.78,-7.12,-1.02,-5.91
309,-9.66,-6.07,-6.88,1.31
310,-4.45,-2.42,-4.34,0.06
311,4.26,6.05,0.07,1.09
312,6.12,8.05,-0.16,3.51
313,-4.98,-1.64,-6.96,-4.34
314,-13.25,-8.47,-12.86,-11.79
315,-5.52,-3.52,-9.69,-1.52
316,2.37,0.65,-4.2,11.13
317,-2.17,-3.41,-1.88,6.79
318,-4.09,-4.02,1.48,-5.49
319,8.12,4.86,8.35,-5.75
320,14.41,9.58,9.62,4.4
321,8.76,5.67,2.79,5.45
322,3.67,0.61,-3.33,-4.35
323,-6.22,-3.99,-7.97,-13.97
324,-13.12,-3.63,-6.97,-14.73
325,-5.98,0.9,-1.09,-2.81
326,4.91,2.48,1.61,12.71
327,11.88,1.49,5.25,20.25
328,6.0,-3.34,6.58,9.6
329,-9.56,-11.02,1.01,-6.69
330,-14.28,-12.09,-1.96,-8.45
331,-8.72,-4.28,-0.09,-1.33
332,1.24,5.67,4.55,13.84
333,8.85,8.01,6.63,20.76
334,6.55,3.46,3.3,5.62
335,6.14,4.16,4.31,-3.91
336,2.58,4.64,5.66,-8.21
337,-10.19,-2.11,0.04,-20.51
338,-13.1,-4.05,-5.01,-24.99
339,-1.05,2.92,-4.49,-13.83
340,10.78,9.2,-0.67,6.19
341,9.66,5.57,-0.38,17.12
342,4.27,-3.32,-1.8,15.9
343,6.53,-5.65,1.18,17.73
344,8.63,-3.09,2.39,20.75
345,4.17,-1.85,-1.69,13.53
346,-5.75,-4.97,-7.99,-4.48
347,-11.34,-7.19,-12.6,-19.24
348,-7.28,-3.25,-11.6,-20.72
349,-3.2,-0.95,-4.73,-13.49
350,-3.25,-3.46,0.47,-7.74
351,-3.09,-3.71,-0.83,-8.64
352,-0.52,2.04,-0.38,-8.65
353,0.81,6.81,2.0,-3.88
354,0.3,4.4,0.64,-1.33
355,-1.05,-0.44,-0.36,-4.67
356,-4.09,-2.34,1.04,-5.93
357,-5.66,-3.96,2.65,1.29
358,-2.79,-3.73,3.95,7.24
359,1.82,2.4,5.38,3.38
360,4.25,7.53,5.99,-1.01
361,4.31,6.46,5.88,3.1
362,3.01,2.78,5.24,3.32
363,-2.13,0.3,0.4,-6.7
364,-4.37,3.2,-4.06,-3.31
365,0.98,8.52,-1.54,12.94
366,3.15,6.35,4.63,12.4
367,2.53,-0.08,9.0,4.9
368,1.62,-3.78,5.69,5.99
369,1.77,-3.98,-1.0,7.19
370,6.43,-1.18,-2.59,6.6
371,6.75,0.88,-1.08,-0.22
372,0.31,0.45,-2.0,-11.8
373,-6.29,-2.31,-7.14,-16.7
374,-5.53,-3.02,-6.06,-10.29
375,-1.26,-3.51,-0.9,1.07
376,-6.68,-10.51,-6.63,0.74
377,-11.85,-11.19,-11.8,-5.86
378,-5.74,-1.2,-5.88,0.95
379,2.34,5.3,1.49,9.71
380,9.31,5.9,6.06,10.86
381,11.42,1.76,5.35,6.34
382,7.71,-1.41,2.66,0.31
383,5.78,1.94,3.47,2.95
384,3.21,2.41,0.72,9.27
385,-2.17,-3.08,-4.89,8.91
386,-1.48,-1.42,-2.07,5.0
387,6.61,9.6,7.73,5.98
388,5.81,11.11,8.52,7.4
389,-1.72,3.35,2.74,4.36
390,-1.01,1.69,3.39,1.2
391,-0.83,1.23,2.16,-4.32
392,-1.17,1.03,-0.02,-10.74
393,3.9,3.43,1.37,-6.26
394,0.62,-1.68,-3.44,-2.25
395,-5.33,-7.76,-6.19,-9.87
396,-3.91,-3.98,-0.8,-11.09
397,-2.89,1.97,1.85,2.54
398,-3.65,1.81,0.19,4.68
399,-3.0,-1.21,0.31,-5.45
